0 1.0813164612128599e-08 2.2271980164395997e-07 0.05893909626719057 0.05253940455341506
0 3.591198583040118e-08 2.1739125523502267e-07 0.05893909626719057 0.05253940455341506
0 5.517387188033506e-08 2.219931816779736e-07 0.05893909626719057 0.05253940455341506
0 2.5989196038641555e-08 2.316814478703851e-07 0.05893909626719057 0.05253940455341506
0 8.478390547585036e-09 2.3749423246380185e-07 0.05893909626719057 0.05253940455341506
0 7.67705319948125e-08 2.1496918867758694e-07 0.05893909626719057 0.05253940455341506
0 1.8615461844698085e-07 2.361621834225826e-07 0.05893909626719057 0.05253940455341506
0 1.5755363612491315e-07 2.3083363701364532e-07 0.05893909626719057 0.05253940455341506
0 1.0793968720799377e-07 2.337401168775907e-07 0.05893909626719057 0.05253940455341506
0 1.0210275203965508e-07 2.2356743736622576e-07 0.05893909626719057 0.05253940455341506
0 1.1494400940162446e-07 2.119416930573621e-07 0.05893909626719057 0.05253940455341506
0 9.393104280677281e-08 2.0346446013744658e-07 0.05893909626719057 0.05253940455341506
0 7.583654378213092e-08 2.3470894350305376e-07 0.05893909626719057 0.05253940455341506
0 1.3945913710027126e-07 1.7439983666979846e-07 0.05893909626719057 0.05253940455341506
0 1.6339057129325185e-07 1.6979808534887766e-07 0.05893909626719057 0.05253940455341506
0 1.5288408798186644e-07 1.5889878588397021e-07 0.05893909626719057 0.05253940455341506
0 1.849872314077293e-07 1.5090596625812048e-07 0.05893909626719057 0.05253940455341506
0 2.030815339652108e-07 1.722201519063134e-07 0.05893909626719057 0.05253940455341506
0 1.7564813513559544e-07 1.6156305908843885e-07 0.05893909626719057 0.05253940455341506
0 2.089184691335495e-07 1.6180526573547174e-07 0.05893909626719057 0.05253940455341506
0 2.1767387187209795e-07 1.4945290146062175e-07 0.05893909626719057 0.05253940455341506
0 1.9607721175762053e-07 1.4146008184721585e-07 0.05893909626719057 0.05253940455341506
0 2.4744224123341727e-07 1.4969510812009848e-07 0.05893909626719057 0.05253940455341506
0 2.4218899958470435e-07 1.6228967905442518e-07 0.05893909626719057 0.05253940455341506
0 2.3168251627331894e-07 1.72704565212823e-07 0.05893909626719057 0.05253940455341506
0 2.1643654378011528e-07 1.3670964402088322e-07 0.05893909626719057 0.05253940455341506
0 2.478159150997702e-07 1.312842499775388e-07 0.05893909626719057 0.05253940455341506
0 2.687353650014332e-07 1.4322015190228006e-07 0.05893909626719057 0.05253940455341506
0 2.99367585041583e-07 1.3825973158726303e-07 0.05893909626719057 0.05253940455341506
0 3.0160903886613874e-07 1.2864904857310656e-07 0.05893909626719057 0.05253940455341506
0 2.7882161255307215e-07 1.5562102755534866e-07 0.05893909626719057 0.05253940455341506
0 3.199135575300939e-07 1.5717111512172847e-07 0.05893909626719057 0.05253940455341506
0 2.9040216264976174e-07 1.6972698202172082e-07 0.05893909626719057 0.05253940455341506
0 2.582756400506017e-07 1.8321297151284188e-07 0.05893909626719057 0.05253940455341506
0 3.217813375022562e-07 1.8259283141556066e-07 0.05893909626719057 0.05253940455341506
0 3.165514750268405e-07 1.7468740233673785e-07 0.05893909626719057 0.05253940455341506
0 3.5577564004565946e-07 1.7856253369167232e-07 0.05893909626719057 0.05253940455341506
0 3.580170938841748e-07 1.647665617067038e-07 0.05893909626719057 0.05253940455341506
0 2.440895889723873e-07 2.1052400478896783e-07 0.05893909626719057 0.05253940455341506
0 2.2963261451003118e-07 2.213695389409885e-07 0.05893909626719057 0.05253940455341506
0 2.552964652027239e-07 2.2370001179868527e-07 0.05893909626719057 0.05253940455341506
0 2.749084494785532e-07 2.2370001179868527e-07 0.05893909626719057 0.05253940455341506
0 2.809789799406223e-07 2.099427438480511e-07 0.05893909626719057 0.05253940455341506
0 3.0199194653547394e-07 2.229248804544803e-07 0.05893909626719057 0.05253940455341506
0 3.1600059093669487e-07 2.0819878587838308e-07 0.05893909626719057 0.05253940455341506
0 3.3000903887075546e-07 1.9521664927195387e-07 0.05893909626719057 0.05253940455341506
0 3.290752471252343e-07 2.3164432003387253e-07 0.05893909626719057 0.05253940455341506
0 3.5942730999221976e-07 2.3590701704846564e-07 0.05893909626719057 0.05253940455341506
0 3.4635245733652e-07 2.229248804544803e-07 0.05893909626719057 0.05253940455341506
0 3.584933217795382e-07 2.058735669677983e-07 0.05893909626719057 0.05253940455341506
0 3.804402765870714e-07 2.283502744978247e-07 0.05893909626719057 0.05253940455341506
0 3.8510982473011814e-07 2.1594939884475608e-07 0.05893909626719057 0.05253940455341506
0 3.8417583651743657e-07 2.0161086994076134e-07 0.05893909626719057 0.05253940455341506
0 4.075235771768318e-07 2.2660631652815667e-07 0.05893909626719057 0.05253940455341506
0 4.1499489349076284e-07 2.1459300654719053e-07 0.05893909626719057 0.05253940455341506
0 4.140609052780813e-07 1.9482908359985138e-07 0.05893909626719057 0.05253940455341506
0 4.107921430008561e-07 1.7894046714192067e-07 0.05893909626719057 0.05253940455341506
0 3.617620840567633e-07 1.8882242861559023e-07 0.05893909626719057 0.05253940455341506
0 3.9787308602537687e-07 1.4675955645611674e-07 0.05893909626719057 0.05253940455341506
0 4.300929288505651e-07 1.5412260373794344e-07 0.05893909626719057 0.05253940455341506
0 4.6464754575425654e-07 2.3802225348280987e-07 0.05893909626719057 0.05253940455341506
0 4.802438129405159e-07 2.2445885593546394e-07 0.05893909626719057 0.05253940455341506
0 5.143316321910674e-07 2.2232750741572355e-07 0.05893909626719057 0.05253940455341506
0 4.550282923089584e-07 2.159332867593599e-07 0.05893909626719057 0.05253940455341506
0 4.4148664201407823e-07 2.0353241109384747e-07 0.05893909626719057 0.05253940455341506
0 4.7510746715828885e-07 2.0682628149542135e-07 0.05893909626719057 0.05253940455341506
0 5.096620840619802e-07 2.0527619392904154e-07 0.05893909626719057 0.05253940455341506
0 4.4017917640220406e-07 1.857059662629605e-07 0.05893909626719057 0.05253940455341506
0 5.036850703070594e-07 9.676848815929596e-08 0.05893909626719057 0.05253940455341506
0 4.812711213931854e-07 1.0413153544112267e-07 0.05893909626719057 0.05253940455341506
0 5.064866420107833e-07 1.1013819043782764e-07 0.05893909626719057 0.05253940455341506
