0 3.4429133172012575e-08 2.6864004796121525e-08 0.05893909626719057 0.05253940455341506
0 1.855270881258884e-08 3.848957397051121e-08 0.05893909626719057 0.05253940455341506
0 4.88409879738178e-07 5.732302405777373e-08 0.05893909626719057 0.05253940455341506
0 4.995000565552296e-07 2.8501307775054324e-08 0.05893909626719057 0.05253940455341506
0 4.732338482977055e-07 3.9642463642934394e-08 0.05893909626719057 0.05253940455341506
0 4.539719622477716e-07 3.7704810404452096e-08 0.05893909626719057 0.05253940455341506
0 4.697316872078699e-07 2.293072984111429e-08 0.05893909626719057 0.05253940455341506
0 4.487187205990587e-07 2.511058973907331e-08 0.05893909626719057 0.05253940455341506
0 4.072764809150216e-07 3.0923374320046236e-08 0.05893909626719057 0.05253940455341506
0 4.1778296421244744e-07 1.857118517967021e-08 0.05893909626719057 0.05253940455341506
0 3.821778561639094e-07 1.9540011805133276e-08 0.05893909626719057 0.05253940455341506
0 3.9560280704550456e-07 1.0336509175735501e-08 0.05893909626719057 0.05253940455341506
0 4.2361989938078613e-07 1.1328314243075985e-09 0.05893909626719057 0.05253940455341506
0 4.370448502623813e-07 1.3000607245730176e-08 0.05893909626719057 0.05253940455341506
0 4.7498492885658284e-07 8.398855937253206e-09 0.05893909626719057 0.05253940455341506
0 4.6039259093573607e-07 4.062114583212588e-10 0.05893909626719057 0.05253940455341506
