0 7.7177365131736e-10 1.9405279639798348e-07 0.05893909626719057 0.05253940455341506
0 2.8041911174254187e-08 2.3497486293974804e-07 0.05893909626719057 0.05253940455341506
0 2.8415585040607135e-08 2.1978414490427135e-07 0.05893909626719057 0.05253940455341506
0 4.8587883662765056e-08 2.1466890847680457e-07 0.05893909626719057 0.05253940455341506
0 4.074308994964142e-08 2.0490340935019833e-07 0.05893909626719057 0.05253940455341506
0 5.194996617997803e-08 1.96533006555492e-07 0.05893909626719057 0.05253940455341506
0 1.907648878243288e-08 1.8583738483775705e-07 0.05893909626719057 0.05253940455341506
0 6.050301137283163e-08 2.3927959149390545e-07 0.05893909626719057 0.05253940455341506
0 8.10489838613425e-08 2.3501689446686847e-07 0.05893909626719057 0.05253940455341506
0 2.104544751348309e-08 1.7102775261084084e-07 0.05893909626719057 0.05253940455341506
0 6.423876775639756e-08 1.7708274385129047e-07 0.05893909626719057 0.05253940455341506
0 7.99984927025363e-08 1.8313773509174013e-07 0.05893909626719057 0.05253940455341506
0 9.050497601392171e-08 1.7296540584932314e-07 0.05893909626719057 0.05253940455341506
0 1.1035055556952179e-07 1.7344981915583274e-07 0.05893909626719057 0.05253940455341506
0 1.1852206834920326e-07 1.6182424998144306e-07 0.05893909626719057 0.05253940455341506
0 7.152914104028674e-08 1.6048484542919963e-07 0.05893909626719057 0.05253940455341506
0 1.5333935714193683e-07 1.6071724473234827e-07 0.05893909626719057 0.05253940455341506
0 6.328729427355342e-08 2.248808174134819e-07 0.05893909626719057 0.05253940455341506
0 7.55448581298566e-08 2.1470848815862104e-07 0.05893909626719057 0.05253940455341506
0 8.371656736273887e-08 1.9581689447128577e-07 0.05893909626719057 0.05253940455341506
0 1.1056646912592921e-07 1.880664566393867e-07 0.05893909626719057 0.05253940455341506
0 1.0998277562026301e-07 2.0308291898423136e-07 0.05893909626719057 0.05253940455341506
0 1.3274682276003245e-07 2.200368594455282e-07 0.05893909626719057 0.05253940455341506
0 9.655782472470825e-08 2.2439640409452846e-07 0.05893909626719057 0.05253940455341506
0 1.4442069309670985e-07 2.0768467029270835e-07 0.05893909626719057 0.05253940455341506
0 1.537597893688437e-07 2.1713037958158284e-07 0.05893909626719057 0.05253940455341506
0 1.6951931784782205e-07 2.0356715716871086e-07 0.05893909626719057 0.05253940455341506
0 1.7068670488707363e-07 1.8758204333287708e-07 0.05893909626719057 0.05253940455341506
0 1.6660085027761228e-07 1.7498764753302436e-07 0.05893909626719057 0.05253940455341506
0 2.2555389545270592e-07 1.9557468781180903e-07 0.05893909626719057 0.05253940455341506
0 2.0103876775405912e-07 2.0066085243923946e-07 0.05893909626719057 0.05253940455341506
0 1.8819751039208972e-07 2.115598016476428e-07 0.05893909626719057 0.05253940455341506
0 2.19133266778701e-07 2.1010656171567011e-07 0.05893909626719057 0.05253940455341506
0 2.547385712943994e-07 2.0526260374771642e-07 0.05893909626719057 0.05253940455341506
0 2.605755064627381e-07 1.9073072984385534e-07 0.05893909626719057 0.05253940455341506
0 2.664124416310768e-07 1.8225367204596995e-07 0.05893909626719057 0.05253940455341506
0 2.979318915233543e-07 1.732923760760489e-07 0.05893909626719057 0.05253940455341506
0 3.082654868186774e-07 1.5923615891676925e-07 0.05893909626719057 0.05253940455341506
0 3.3703916068964706e-07 1.6384649166514427e-07 0.05893909626719057 0.05253940455341506
0 3.2607707817178845e-07 1.774568244177747e-07 0.05893909626719057 0.05253940455341506
0 3.055199072505704e-07 1.861288034009044e-07 0.05893909626719057 0.05253940455341506
0 3.4229240233835997e-07 1.8903528325240594e-07 0.05893909626719057 0.05253940455341506
0 3.230307127416269e-07 2.0090305908627236e-07 0.05893909626719057 0.05253940455341506
0 3.007647009611542e-07 2.1056558098387736e-07 0.05893909626719057 0.05253940455341506
0 3.2945134142959136e-07 2.1785699954756917e-07 0.05893909626719057 0.05253940455341506
0 2.9968297208223163e-07 2.234275774815092e-07 0.05893909626719057 0.05253940455341506
0 2.7424898386306053e-07 2.2594368955910023e-07 0.05893909626719057 0.05253940455341506
0 2.4423208799697357e-07 2.200368594455282e-07 0.05893909626719057 0.05253940455341506
0 2.2847236303687526e-07 2.3384211338340295e-07 0.05893909626719057 0.05253940455341506
0 2.0687570292239782e-07 2.214899242430269e-07 0.05893909626719057 0.05253940455341506
0 1.9987138072876712e-07 2.3723300655385792e-07 0.05893909626719057 0.05253940455341506
0 1.7127039840669941e-07 2.3287346189241385e-07 0.05893909626719057 0.05253940455341506
0 1.3683267738345336e-07 2.3481093999642218e-07 0.05893909626719057 0.05253940455341506
