0 7.260579152090926e-09 1.4029138132965127e-07 0.05893909626719057 0.05253940455341506
0 2.173621765965268e-08 1.565668629466763e-07 0.05893909626719057 0.05253940455341506
0 5.349574613631667e-08 1.5094392073830968e-07 0.05893909626719057 0.05253940455341506
0 3.060831981148614e-08 1.34091206198606e-07 0.05893909626719057 0.05253940455341506
0 1.0062347322975278e-08 1.2575968256026414e-07 0.05893909626719057 0.05253940455341506
0 1.0062347322975278e-08 5.6685952262184054e-08 0.05893909626719057 0.05253940455341506
0 2.1082386606175834e-08 5.077632003436016e-08 0.05893909626719057 0.05253940455341506
0 1.2677278560683155e-08 3.798840410016711e-08 0.05893909626719057 0.05253940455341506
0 2.9020697026447682e-08 2.520066330044802e-08 0.05893909626719057 0.05253940455341506
0 6.497609978200108e-08 2.4813097615901707e-08 0.05893909626719057 0.05253940455341506
0 9.953071667173291e-08 3.101327274694699e-08 0.05893909626719057 0.05253940455341506
0 1.121385752210919e-07 4.593236206640647e-08 0.05893909626719057 0.05253940455341506
0 1.5649928248929834e-07 3.1400838431493306e-08 0.05893909626719057 0.05253940455341506
0 1.9852501922580085e-07 3.953849166654692e-08 0.05893909626719057 0.05253940455341506
0 1.9992600154482323e-07 5.2326407600739975e-08 0.05893909626719057 0.05253940455341506
0 2.1171971469955373e-07 6.361747590290576e-08 0.05893909626719057 0.05253940455341506
0 1.4389142393993936e-07 4.651362301976705e-08 0.05893909626719057 0.05253940455341506
0 2.7277079525465204e-07 5.775145138758029e-08 0.05893909626719057 0.05253940455341506
0 2.564273767888875e-07 4.399488396239814e-08 0.05893909626719057 0.05253940455341506
0 2.573613650015691e-07 1.8225356812753938e-08 0.05893909626719057 0.05253940455341506
0 2.1486843769156538e-07 1.8225356812753938e-08 0.05893909626719057 0.05253940455341506
0 1.7284270095506287e-07 2.0937966273411073e-08 0.05893909626719057 0.05253940455341506
0 1.41089655769055e-07 1.706283491847661e-08 0.05893909626719057 0.05253940455341506
0 1.9681600754313848e-08 1.6094183439931337e-08 0.05893909626719057 0.05253940455341506
0 8.412128641864996e-08 8.343920742506244e-09 0.05893909626719057 0.05253940455341506
0 2.2047197403333408e-07 4.856355059674266e-09 0.05893909626719057 0.05253940455341506
0 2.522248227661412e-07 8.343920742506244e-09 0.05893909626719057 0.05253940455341506
0 2.741717775736744e-07 2.7250065523777075e-09 0.05893909626719057 0.05253940455341506
0 3.2800105065541114e-07 5.12132879011931e-09 0.05893909626719057 0.05253940455341506
0 3.392079268857478e-07 1.6456004804783513e-08 0.05893909626719057 0.05253940455341506
0 3.2730065773645997e-07 2.662815891272656e-08 0.05893909626719057 0.05253940455341506
0 2.950808148973121e-07 7.051379814899699e-08 0.05893909626719057 0.05253940455341506
0 3.5251617835405796e-07 7.8941994287272e-08 0.05893909626719057 0.05253940455341506
0 3.5461735713883074e-07 6.06321869318315e-08 0.05893909626719057 0.05253940455341506
0 3.371065516477742e-07 4.726301005672171e-08 0.05893909626719057 0.05253940455341506
0 3.623220722653722e-07 4.813498903533381e-08 0.05893909626719057 0.05253940455341506
0 3.61621679346421e-07 3.680031303311344e-08 0.05893909626719057 0.05253940455341506
0 2.9087806440740536e-07 5.1913272755861144e-08 0.05893909626719057 0.05253940455341506
0 4.0574977364273936e-07 6.460399078669914e-08 0.05893909626719057 0.05253940455341506
0 3.896389681488629e-07 5.104129376480521e-08 0.05893909626719057 0.05253940455341506
0 4.0644938072096826e-07 3.476581216022401e-08 0.05893909626719057 0.05253940455341506
0 4.0714977363991943e-07 2.2559157166947707e-08 0.05893909626719057 0.05253940455341506
0 4.2746234731581987e-07 1.3840242978533508e-08 0.05893909626719057 0.05253940455341506
0 3.896389681488629e-07 2.5055669763131355e-09 0.05893909626719057 0.05253940455341506
0 4.750916204080507e-07 1.2968439121951536e-08 0.05893909626719057 0.05253940455341506
0 4.5758081490303457e-07 2.9243745604502607e-08 0.05893909626719057 0.05253940455341506
0 4.869988895573385e-07 3.3312747362725294e-08 0.05893909626719057 0.05253940455341506
0 4.7299024515611753e-07 4.668174910336113e-08 0.05893909626719057 0.05253940455341506
0 4.91902032980156e-07 5.104129376480521e-08 0.05893909626719057 0.05253940455341506
0 5.080118561661497e-07 6.411975261466348e-08 0.05893909626719057 0.05253940455341506
0 4.841973178536146e-07 6.208542686380419e-08 0.05893909626719057 0.05253940455341506
0 4.624837618586917e-07 7.574514665457921e-08 0.05893909626719057 0.05253940455341506
0 4.7060105066532086e-07 8.935635506713561e-08 0.05893909626719057 0.05253940455341506
0 4.3441205262999665e-07 8.766108361016016e-08 0.05893909626719057 0.05253940455341506
