0 2.994052353331119e-07 1.56760446133907e-07 0.05893909626719057 0.05253940455341506
0 3.099117186305377e-07 1.4745992073562816e-07 0.05893909626719057 0.05253940455341506
0 3.316250781583002e-07 1.5763242511251911e-07 0.05893909626719057 0.05253940455341506
0 3.491358836633163e-07 1.4920370357082222e-07 0.05893909626719057 0.05253940455341506
0 3.345930545874303e-07 1.239968734438385e-07 0.05893909626719057 0.05253940455341506
0 3.7225002904294067e-07 1.1810475436475861e-07 0.05893909626719057 0.05253940455341506
0 3.6384492098348843e-07 1.3321823947848437e-07 0.05893909626719057 0.05253940455341506
0 3.8065513710239295e-07 1.4513470182504337e-07 0.05893909626719057 0.05253940455341506
0 3.9816594259344946e-07 1.3350895751617972e-07 0.05893909626719057 0.05253940455341506
0 3.9606476382263626e-07 1.2217375611053746e-07 0.05893909626719057 0.05253940455341506
0 4.59804056540102e-07 1.361247193299859e-07 0.05893909626719057 0.05253940455341506
