0 4.70601333584174e-09 1.1542495051288555e-07 0.05893909626719057 0.05253940455341506
0 2.4318194078831406e-08 1.0670568605552344e-07 0.05893909626719057 0.05253940455341506
0 2.3617801159880205e-08 1.261785406962193e-07 0.05893909626719057 0.05253940455341506
0 2.8520748101577746e-08 1.3460708711588608e-07 0.05893909626719057 0.05253940455341506
0 6.004019800781481e-08 1.407104146000804e-07 0.05893909626719057 0.05253940455341506
0 7.965218229760368e-08 1.4158239359113633e-07 0.05893909626719057 0.05253940455341506
0 1.1117163218988116e-07 1.3867591372719096e-07 0.05893909626719057 0.05253940455341506
0 9.576220193679821e-08 1.253065617176072e-07 0.05893909626719057 0.05253940455341506
0 6.494314496347194e-08 1.261785406962193e-07 0.05893909626719057 0.05253940455341506
0 8.805748681025674e-08 1.122279277457188e-07 0.05893909626719057 0.05253940455341506
0 5.933980508886361e-08 1.122279277457188e-07 0.05893909626719057 0.05253940455341506
0 5.6538036904019674e-08 9.537083491882911e-08 0.05893909626719057 0.05253940455341506
0 2.1981258917402466e-08 8.980148290131913e-08 0.05893909626719057 0.05253940455341506
0 8.665650449123438e-08 8.955805033785617e-08 0.05893909626719057 0.05253940455341506
0 8.665650449123438e-08 9.769587870738376e-08 0.05893909626719057 0.05253940455341506
0 1.0977084633801917e-07 9.420831302455178e-08 0.05893909626719057 0.05253940455341506
0 1.3638715282143875e-07 9.885840060166109e-08 0.05893909626719057 0.05253940455341506
0 1.216781155012666e-07 1.0815892598749612e-07 0.05893909626719057 0.05253940455341506
0 1.5880090528211197e-07 1.340258261625255e-07 0.05893909626719057 0.05253940455341506
0 2.1973842984265294e-07 1.2879430252246932e-07 0.05893909626719057 0.05253940455341506
0 1.9732467738197972e-07 1.2181899604721907e-07 0.05893909626719057 0.05253940455341506
0 1.917213374934118e-07 1.1309973158985694e-07 0.05893909626719057 0.05253940455341506
0 2.1483548288699584e-07 1.1629675435702369e-07 0.05893909626719057 0.05253940455341506
0 2.4985709388306846e-07 1.1658747239471905e-07 0.05893909626719057 0.05253940455341506
0 2.407513964375046e-07 1.0438064227941261e-07 0.05893909626719057 0.05253940455341506
0 2.1343469702117425e-07 1.0583388221138529e-07 0.05893909626719057 0.05253940455341506
0 1.7280954968333293e-07 1.0031164052118993e-07 0.05893909626719057 0.05253940455341506
0 2.0292821372374842e-07 9.740533579171853e-08 0.05893909626719057 0.05253940455341506
0 1.7701210370607928e-07 8.984859324107757e-08 0.05893909626719057 0.05253940455341506
0 1.391889209923231e-07 8.636102757068942e-08 0.05893909626719057 0.05253940455341506
0 1.4829442198468613e-07 7.76417631133273e-08 0.05893909626719057 0.05253940455341506
0 1.3778813514046112e-07 6.601636907341158e-08 0.05893909626719057 0.05253940455341506
0 1.7070837089856017e-07 5.468134280224329e-08 0.05893909626719057 0.05253940455341506
0 1.679066027276758e-07 6.71788909676889e-08 0.05893909626719057 0.05253940455341506
0 1.868181940845539e-07 6.36911501628268e-08 0.05893909626719057 0.05253940455341506
0 1.917213374934118e-07 7.706050217241056e-08 0.05893909626719057 0.05253940455341506
0 2.2464157325151086e-07 5.6715843675132715e-08 0.05893909626719057 0.05253940455341506
0 2.162362687388578e-07 4.944981916218711e-08 0.05893909626719057 0.05253940455341506
0 2.2324059093248852e-07 7.415419744293915e-08 0.05893909626719057 0.05253940455341506
0 2.2534196618442164e-07 8.287328676582731e-08 0.05893909626719057 0.05253940455341506
0 2.4425355754129976e-07 8.287328676582731e-08 0.05893909626719057 0.05253940455341506
0 2.463549327792733e-07 9.333633404593968e-08 0.05893909626719057 0.05253940455341506
0 2.4775571864509486e-07 7.066645663807706e-08 0.05893909626719057 0.05253940455341506
0 2.484561115640461e-07 5.7006561712828066e-08 0.05893909626719057 0.05253940455341506
0 2.568614160906587e-07 3.9858750860686847e-08 0.05893909626719057 0.05253940455341506
0 2.6946907817285733e-07 5.061251617849456e-08 0.05893909626719057 0.05253940455341506
0 2.918830270867313e-07 5.991286644229947e-08 0.05893909626719057 0.05253940455341506
0 2.946845987904553e-07 4.8287297267909784e-08 0.05893909626719057 0.05253940455341506
0 3.2480326284483037e-07 5.380953894566131e-08 0.05893909626719057 0.05253940455341506
0 3.199001194220129e-07 3.9858750860686847e-08 0.05893909626719057 0.05253940455341506
0 3.0308990331706795e-07 7.066645663807706e-08 0.05893909626719057 0.05253940455341506
0 2.9678597404238845e-07 9.856785768599586e-08 0.05893909626719057 0.05253940455341506
0 3.1009422551069863e-07 8.868607134680025e-08 0.05893909626719057 0.05253940455341506
0 3.0519108210184073e-07 1.084494688907175e-07 0.05893909626719057 0.05253940455341506
0 3.364692746346886e-07 1.0152460024801179e-07 0.05893909626719057 0.05253940455341506
0 3.423140683498465e-07 8.839552844357885e-08 0.05893909626719057 0.05253940455341506
0 3.4581622943968203e-07 7.211969657004973e-08 0.05893909626719057 0.05253940455341506
0 3.7243253592310163e-07 6.71788909676889e-08 0.05893909626719057 0.05253940455341506
0 2.9118243770061975e-07 3.2302183432076015e-08 0.05893909626719057 0.05253940455341506
