0 1.0490916854202994e-07 2.335793883278372e-07 0.05893909626719057 0.05253940455341506
0 4.257085812962696e-08 2.3212614839586453e-07 0.05893909626719057 0.05253940455341506
0 6.148461267732777e-09 2.3590460723842198e-07 0.05893909626719057 0.05253940455341506
0 1.9456516282842163e-08 2.1991931828055808e-07 0.05893909626719057 0.05253940455341506
0 2.6463001778972223e-09 2.1207185767977793e-07 0.05893909626719057 0.05253940455341506
0 2.267262629637881e-08 2.0234839008029215e-07 0.05893909626719057 0.05253940455341506
0 2.1904846126965487e-07 1.4910355645469204e-07 0.05893909626719057 0.05253940455341506
0 2.3772665379996296e-07 1.463909469940349e-07 0.05893909626719057 0.05253940455341506
0 2.405282255176465e-07 1.3205259323695795e-07 0.05893909626719057 0.05253940455341506
0 2.0410582865575234e-07 1.3321511511879143e-07 0.05893909626719057 0.05253940455341506
0 1.3768166363388803e-07 4.405091695189376e-10 0.05893909626719057 0.05253940455341506
0 1.3067734142629775e-07 1.1581840171872967e-08 0.05893909626719057 0.05253940455341506
0 1.1199914889598967e-07 4.315815646483529e-09 0.05893909626719057 0.05253940455341506
0 1.1375022944090744e-07 1.763683141232262e-08 0.05893909626719057 0.05253940455341506
0 9.682311745551712e-08 2.1269756107780356e-08 0.05893909626719057 0.05253940455341506
0 6.997321569232677e-08 1.787903807179934e-08 0.05893909626719057 0.05253940455341506
0 4.8960249097475115e-08 1.473035154837726e-08 0.05893909626719057 0.05253940455341506
0 2.152665380069939e-08 1.787903807179934e-08 0.05893909626719057 0.05253940455341506
0 5.012763612276711e-08 5.284642271946592e-09 0.05893909626719057 0.05253940455341506
0 7.872861844483482e-08 2.378162408001233e-09 0.05893909626719057 0.05253940455341506
