0 1.2734151431470563e-07 4.6402344548604736e-08 0.05893909626719057 0.05253940455341506
0 1.5477510959752177e-07 5.245733578905439e-08 0.05893909626719057 0.05253940455341506
0 1.6119573827152667e-07 6.311407835042485e-08 0.05893909626719057 0.05253940455341506
0 1.827923983999637e-07 5.778570707596153e-08 0.05893909626719057 0.05253940455341506
0 1.833760919056299e-07 7.595068079731048e-08 0.05893909626719057 0.05253940455341506
0 1.7987393081579434e-07 8.902948990367285e-08 0.05893909626719057 0.05253940455341506
0 1.956336557619331e-07 9.387344787162654e-08 0.05893909626719057 0.05253940455341506
0 2.3007157325233952e-07 1.0259271232898865e-07 0.05893909626719057 0.05253940455341506
0 2.4174544357505733e-07 8.999831652913591e-08 0.05893909626719057 0.05253940455341506
0 2.429128306143089e-07 7.958360549276822e-08 0.05893909626719057 0.05253940455341506
0 2.6859514888504687e-07 7.982581215224494e-08 0.05893909626719057 0.05253940455341506
0 2.944004534065252e-07 8.111477887194384e-08 0.05893909626719057 0.05253940455341506
0 2.919428895584017e-07 6.868465628436487e-08 0.05893909626719057 0.05253940455341506
0 3.1120477560833556e-07 5.512143387149289e-08 0.05893909626719057 0.05253940455341506
0 2.796853257020985e-07 5.8027913722994426e-08 0.05893909626719057 0.05253940455341506
0 2.5808866558762104e-07 6.795803631837854e-08 0.05893909626719057 0.05253940455341506
0 2.46011651827039e-07 5.575681039424433e-08 0.05893909626719057 0.05253940455341506
0 2.2715310566817014e-07 6.795803631837854e-08 0.05893909626719057 0.05253940455341506
