0 1.93988188306998e-08 1.0137204682219474e-07 0.05893909626719057 0.05253940455341506
0 3.0138700940736046e-08 8.994017291661931e-08 0.05893909626719057 0.05253940455341506
0 4.92318032313805e-09 7.986469130860944e-08 0.05893909626719057 0.05253940455341506
0 2.2200390534423777e-08 7.250164402678273e-08 0.05893909626719057 0.05253940455341506
0 1.8931824724359012e-08 6.126364052449554e-08 0.05893909626719057 0.05253940455341506
0 1.7157364992184496e-08 4.895996276233814e-08 0.05893909626719057 0.05253940455341506
0 5.638153002496304e-08 5.845418342943127e-08 0.05893909626719057 0.05253940455341506
0 6.758840625529965e-08 7.356749340868306e-08 0.05893909626719057 0.05253940455341506
0 4.984420192371355e-08 8.073649516519141e-08 0.05893909626719057 0.05253940455341506
0 7.0390174426184e-08 9.197467380195256e-08 0.05893909626719057 0.05253940455341506
0 4.517465379462642e-08 9.77874583829255e-08 0.05893909626719057 0.05253940455341506
0 4.237288562374207e-08 1.0728167905001863e-07 0.05893909626719057 0.05253940455341506
0 5.4980547705940676e-08 1.2016661775309277e-07 0.05893909626719057 0.05253940455341506
0 4.797642196551078e-08 1.33148579225048e-07 0.05893909626719057 0.05253940455341506
0 1.5756579140322507e-08 1.1939166154336176e-07 0.05893909626719057 0.05253940455341506
0 9.280392687289764e-08 1.1687274735151888e-07 0.05893909626719057 0.05253940455341506
0 1.189534357171368e-07 1.2210427099157506e-07 0.05893909626719057 0.05253940455341506
0 1.1475088169439046e-07 1.1086626748928786e-07 0.05893909626719057 0.05253940455341506
0 1.0401080310323426e-07 9.304034804937893e-08 0.05893909626719057 0.05253940455341506
0 9.000215870201329e-08 7.88958646955902e-08 0.05893909626719057 0.05253940455341506
0 1.194202333563172e-07 8.257730076926658e-08 0.05893909626719057 0.05253940455341506
0 1.194202333563172e-07 7.250164402678273e-08 0.05893909626719057 0.05253940455341506
0 9.653948680326278e-08 5.486959499016203e-08 0.05893909626719057 0.05253940455341506
0 1.0094911351375507e-07 1.396079487484483e-07 0.05893909626719057 0.05253940455341506
0 1.464102137200493e-07 1.2334437607655122e-07 0.05893909626719057 0.05253940455341506
0 1.7330687382983396e-07 1.2194927975709516e-07 0.05893909626719057 0.05253940455341506
0 2.0535500742796258e-07 1.135447263372706e-07 0.05893909626719057 0.05253940455341506
0 1.94226323731497e-07 1.0396836907026249e-07 0.05893909626719057 0.05253940455341506
0 1.650884062503574e-07 1.1109866679243649e-07 0.05893909626719057 0.05253940455341506
0 1.3931257128643076e-07 1.1295873684021992e-07 0.05893909626719057 0.05253940455341506
0 1.5537583257903098e-07 9.063772108256926e-08 0.05893909626719057 0.05253940455341506
0 1.8376659878066549e-07 9.00175809728442e-08 0.05893909626719057 0.05253940455341506
0 2.1334675595264525e-07 8.64084741427547e-08 0.05893909626719057 0.05253940455341506
0 1.8899646125608123e-07 7.653194175067106e-08 0.05893909626719057 0.05253940455341506
0 2.151459701003204e-07 6.955663526297697e-08 0.05893909626719057 0.05253940455341506
0 1.4753103886590736e-07 7.730689796040208e-08 0.05893909626719057 0.05253940455341506
0 1.3968604868562334e-07 5.1343150150965564e-08 0.05893909626719057 0.05253940455341506
0 1.9123791509459655e-07 5.6768369072279834e-08 0.05893909626719057 0.05253940455341506
0 2.3643909386833637e-07 5.878360550146098e-08 0.05893909626719057 0.05253940455341506
0 2.3457131391013358e-07 4.514279988544632e-08 0.05893909626719057 0.05253940455341506
0 2.117838875831074e-07 4.684787869874987e-08 0.05893909626719057 0.05253940455341506
0 1.665827088093676e-07 4.033754595182699e-08 0.05893909626719057 0.05253940455341506
0 1.535080526208282e-07 3.2742274501325626e-08 0.05893909626719057 0.05253940455341506
0 1.2586424121757886e-07 3.956258972965214e-08 0.05893909626719057 0.05253940455341506
0 1.0046208012000518e-07 3.956258972965214e-08 0.05893909626719057 0.05253940455341506
0 6.310569504542941e-08 3.909744086685081e-08 0.05893909626719057 0.05253940455341506
0 3.6956186215149846e-08 3.4757335796032805e-08 0.05893909626719057 0.05253940455341506
0 3.882396617335262e-08 2.4819332286202654e-08 0.05893909626719057 0.05253940455341506
0 5.8622787396317964e-08 2.9797090615489736e-08 0.05893909626719057 0.05253940455341506
0 7.151080310488167e-08 2.080654769861451e-08 0.05893909626719057 0.05253940455341506
0 1.0653241411491387e-07 1.8869069594606174e-08 0.05893909626719057 0.05253940455341506
0 1.238096243261996e-07 8.79341285212234e-09 0.05893909626719057 0.05253940455341506
0 1.247436125388812e-07 2.3325461890457385e-08 0.05893909626719057 0.05253940455341506
0 1.406200368983049e-07 2.022528675769776e-08 0.05893909626719057 0.05253940455341506
0 1.6770333748806526e-07 1.189358798488196e-08 0.05893909626719057 0.05253940455341506
0 1.7470765969565555e-07 2.080654769861451e-08 0.05893909626719057 0.05253940455341506
0 2.1066325890440974e-07 1.6543850684021395e-08 0.05893909626719057 0.05253940455341506
0 2.321430231524014e-07 2.8750680799327828e-08 0.05893909626719057 0.05253940455341506
0 2.690324141066768e-07 5.355208184896097e-08 0.05893909626719057 0.05253940455341506
0 2.8864459484966644e-07 4.3476425106477135e-08 0.05893909626719057 0.05253940455341506
0 2.6436286597758967e-07 3.6307423362412617e-08 0.05893909626719057 0.05253940455341506
0 2.704333964256991e-07 2.4681854188022933e-08 0.05893909626719057 0.05253940455341506
0 2.881776007433257e-07 3.1463465394458924e-08 0.05893909626719057 0.05253940455341506
0 3.0078545929268464e-07 2.158167905526331e-08 0.05893909626719057 0.05253940455341506
0 2.8304105850789774e-07 1.3831241223364256e-08 0.05893909626719057 0.05253940455341506
0 2.6389606833840925e-07 6.080803391465203e-09 0.05893909626719057 0.05253940455341506
0 3.441031410285429e-07 6.460602230428805e-08 0.05893909626719057 0.05253940455341506
0 3.015168934785514e-07 5.515050567152928e-08 0.05893909626719057 0.05253940455341506
0 3.407410585113299e-07 5.112038308211492e-08 0.05893909626719057 0.05253940455341506
0 3.6801119603426674e-07 5.5615479399856656e-08 0.05893909626719057 0.05253940455341506
0 3.6875834731377183e-07 3.9339647526327536e-08 0.05893909626719057 0.05253940455341506
0 3.20568759889172e-07 3.49995424430657e-08 0.05893909626719057 0.05253940455341506
0 3.2878703100148823e-07 2.7094113376686742e-08 0.05893909626719057 0.05253940455341506
0 3.474652235457559e-07 1.7018631768676867e-08 0.05893909626719057 0.05253940455341506
0 3.38499801139975e-07 1.5177561048787598e-09 0.05893909626719057 0.05253940455341506
0 3.5829862236294033e-07 6.478001297865661e-09 0.05893909626719057 0.05253940455341506
0 3.956550074235565e-07 2.6474148401435635e-08 0.05893909626719057 0.05253940455341506
0 4.0574105850803507e-07 4.0424761364379975e-08 0.05893909626719057 0.05253940455341506
0 3.9303987973264783e-07 4.9570295515735106e-08 0.05893909626719057 0.05253940455341506
0 3.6539626479655887e-07 6.662108359899524e-08 0.05893909626719057 0.05253940455341506
0 3.9528133355720357e-07 6.011075085207235e-08 0.05893909626719057 0.05253940455341506
0 4.1881591116373483e-07 7.080637256980729e-08 0.05893909626719057 0.05253940455341506
0 4.15827306059674e-07 6.011075085207235e-08 0.05893909626719057 0.05253940455341506
0 4.494481312038847e-07 5.468553194320191e-08 0.05893909626719057 0.05253940455341506
0 4.3076993867357656e-07 3.143439358197871e-08 0.05893909626719057 0.05253940455341506
0 4.292756361145664e-07 1.934367554478769e-08 0.05893909626719057 0.05253940455341506
0 4.655111960293245e-07 1.407344788284098e-08 0.05893909626719057 0.05253940455341506
0 4.6326993867192914e-07 3.2829314779404655e-08 0.05893909626719057 0.05253940455341506
0 4.3375834731047704e-07 9.11320268985408e-09 0.05893909626719057 0.05253940455341506
0 4.424903708896879e-07 8.362843911667474e-08 0.05893909626719057 0.05253940455341506
0 4.4657622549914925e-07 6.618991022683817e-08 0.05893909626719057 0.05253940455341506
0 4.815978365091814e-07 6.69165301928245e-08 0.05893909626719057 0.05253940455341506
0 5.148683669603363e-07 6.376801880387639e-08 0.05893909626719057 0.05253940455341506
0 4.897695457420637e-07 5.456434105244848e-08 0.05893909626719057 0.05253940455341506
0 4.775119818857605e-07 4.5845251729560325e-08 0.05893909626719057 0.05253940455341506
0 5.101988188312492e-07 4.632966503606994e-08 0.05893909626719057 0.05253940455341506
0 4.83932610573725e-07 2.3562764859326226e-08 0.05893909626719057 0.05253940455341506
0 4.950227873907766e-07 1.0241924240404928e-08 0.05893909626719057 0.05253940455341506
0 4.775119818857605e-07 1.280453136009918e-09 0.05893909626719057 0.05253940455341506
