0 3.575448484761484e-08 5.416556696067005e-08 0.05893909626719057 0.05253940455341506
0 4.742835518429224e-08 4.4671346306020756e-08 0.05893909626719057 0.05253940455341506
0 7.882187188822167e-08 4.7104095867266735e-08 0.05893909626719057 0.05253940455341506
0 8.151597796768328e-08 3.672721320530744e-08 0.05893909626719057 0.05253940455341506
0 1.1140104672832799e-07 4.079621495108629e-08 0.05893909626719057 0.05253940455341506
0 9.972717640561016e-08 2.5295339299732013e-08 0.05893909626719057 0.05253940455341506
0 1.2587668523588973e-07 2.5101644018473922e-08 0.05893909626719057 0.05253940455341506
0 1.5436096814467246e-07 2.0838947003880806e-08 0.05893909626719057 0.05253940455341506
0 1.3288100744348002e-07 1.1732116874416202e-08 0.05893909626719057 0.05253940455341506
0 8.244996618036486e-08 9.988334039222129e-09 0.05893909626719057 0.05253940455341506
0 1.0673149859924085e-07 3.0130275639718754e-09 0.05893909626719057 0.05253940455341506
0 1.3916745144799693e-07 4.7932377226703264e-09 0.05893909626719057 0.05253940455341506
0 1.782747206003301e-07 6.48850917964577e-09 0.05893909626719057 0.05253940455341506
0 1.922772746312561e-07 1.3016705319372921e-08 0.05893909626719057 0.05253940455341506
