0 2.728878207916972e-07 1.5563195576484383e-07 0.05893909626719057 0.05253940455341506
0 2.4502161254138426e-07 1.6102897853360384e-07 0.05893909626719057 0.05253940455341506
0 2.4539567934205796e-07 1.4731444262309827e-07 0.05893909626719057 0.05253940455341506
0 2.1280157324903564e-07 1.395216230075747e-07 0.05893909626719057 0.05253940455341506
0 2.078986262933785e-07 1.4678764753296414e-07 0.05893909626719057 0.05253940455341506
0 2.1560334143387957e-07 1.5957573860163115e-07 0.05893909626719057 0.05253940455341506
0 2.1630373435283077e-07 1.6858554594977083e-07 0.05893909626719057 0.05253940455341506
0 1.8198271274286972e-07 1.6596978413596468e-07 0.05893909626719057 0.05253940455341506
0 1.8198271274286972e-07 1.7759535331035436e-07 0.05893909626719057 0.05253940455341506
0 1.721766223643951e-07 1.8660516067093786e-07 0.05893909626719057 0.05253940455341506
0 1.4696110174679712e-07 2.0346225348538372e-07 0.05893909626719057 0.05253940455341506
0 1.1544165184056004e-07 2.0200901355341105e-07 0.05893909626719057 0.05253940455341506
0 1.1404086598869805e-07 2.1392530076549608e-07 0.05893909626719057 0.05253940455341506
0 8.322180901537178e-08 2.1421601880319145e-07 0.05893909626719057 0.05253940455341506
0 1.5326503100751702e-07 1.7992057222093912e-07 0.05893909626719057 0.05253940455341506
0 1.5256463808856582e-07 1.6364474034741002e-07 0.05893909626719057 0.05253940455341506
0 1.4906247698477066e-07 1.5172845313532497e-07 0.05893909626719057 0.05253940455341506
0 1.8128231980995894e-07 1.4882214840585358e-07 0.05893909626719057 0.05253940455341506
0 1.7420550253239103e-07 1.3795437257384263e-07 0.05893909626719057 0.05253940455341506
0 1.428149327800289e-07 1.156892237178786e-07 0.05893909626719057 0.05253940455341506
0 1.2205186794610794e-07 1.0401549340933053e-07 0.05893909626719057 0.05253940455341506
0 1.343534396645985e-07 1.2731479289226828e-07 0.05893909626719057 0.05253940455341506
0 1.1404086598869805e-07 1.3399955646429713e-07 0.05893909626719057 0.05253940455341506
0 9.37282923127976e-08 1.2789605383318502e-07 0.05893909626719057 0.05253940455341506
0 9.512927463181997e-08 1.1423615892037987e-07 0.05893909626719057 0.05253940455341506
0 8.042004084448743e-08 1.371965792314639e-07 0.05893909626719057 0.05253940455341506
0 5.87066813027654e-08 1.255710100570742e-07 0.05893909626719057 0.05253940455341506
0 5.9407270702836564e-08 1.1597994175557394e-07 0.05893909626719057 0.05253940455341506
0 7.244558110884736e-08 9.920901355928114e-08 0.05893909626719057 0.05253940455341506
0 5.380373436106786e-08 1.366153182781033e-07 0.05893909626719057 0.05253940455341506
0 3.209037481934584e-08 1.3051181565943502e-07 0.05893909626719057 0.05253940455341506
0 2.0183105670058022e-08 1.2237398728990744e-07 0.05893909626719057 0.05253940455341506
0 3.209037481934584e-08 1.1510796276451801e-07 0.05893909626719057 0.05253940455341506
0 2.7887820796599497e-08 1.0348239359012833e-07 0.05893909626719057 0.05253940455341506
0 2.2284284454830796e-08 9.360078238540667e-08 0.05893909626719057 0.05253940455341506
