0 3.3458873631630217e-07 2.2593446364076386e-07 0.05893909626719057 0.05253940455341506
0 2.7892783259173086e-07 2.2112938484161849e-07 0.05893909626719057 0.05253940455341506
0 2.747861822998534e-07 2.3357264227831162e-07 0.05893909626719057 0.05253940455341506
0 2.4082429623765e-07 2.2205933229827323e-07 0.05893909626719057 0.05253940455341506
0 1.7978402119489774e-07 2.3713358798668657e-07 0.05893909626719057 0.05253940455341506
0 1.760484612645326e-07 2.125265827313197e-07 0.05893909626719057 0.05253940455341506
0 1.9659443376700305e-07 2.2570188921558512e-07 0.05893909626719057 0.05253940455341506
0 1.8772233160121e-07 2.028386667954123e-07 0.05893909626719057 0.05253940455341506
0 1.5737026873422452e-07 2.0012623246922914e-07 0.05893909626719057 0.05253940455341506
0 1.288859858254418e-07 2.005136230193015e-07 0.05893909626719057 0.05253940455341506
0 8.078971864082978e-08 2.0400118868968964e-07 0.05893909626719057 0.05253940455341506
0 8.312449270537335e-08 2.146579312510601e-07 0.05893909626719057 0.05253940455341506
0 3.5028225520761345e-08 2.0419505909297787e-07 0.05893909626719057 0.05253940455341506
0 6.076948505637841e-09 1.9915740585620992e-07 0.05893909626719057 0.05253940455341506
0 5.610150852497847e-09 2.1504532178868863e-07 0.05893909626719057 0.05253940455341506
0 2.907649642211272e-07 1.8888822896694195e-07 0.05893909626719057 0.05253940455341506
0 2.500466930964988e-07 1.8299803632974414e-07 0.05893909626719057 0.05253940455341506
0 3.2251800940713505e-07 1.6796265979769528e-07 0.05893909626719057 0.05253940455341506
0 2.220294042940569e-07 1.8516826399340517e-07 0.05893909626719057 0.05253940455341506
0 1.9961565184734326e-07 1.7059768606765356e-07 0.05893909626719057 0.05253940455341506
0 1.6562134928998048e-07 1.7819295751815492e-07 0.05893909626719057 0.05253940455341506
0 1.4544885420066218e-07 1.8563323772173255e-07 0.05893909626719057 0.05253940455341506
0 1.1070740036379429e-07 1.8811327275721092e-07 0.05893909626719057 0.05253940455341506
0 1.615121154932624e-07 1.6067737082859754e-07 0.05893909626719057 0.05253940455341506
0 1.0697184044738874e-07 1.72457756115437e-07 0.05893909626719057 0.05253940455341506
0 4.813189917182218e-07 1.743924321176373e-07 0.05893909626719057 0.05253940455341506
0 4.2294964004879437e-07 1.7264864928244324e-07 0.05893909626719057 0.05253940455341506
0 4.79451211760019e-07 1.4668542686398478e-07 0.05893909626719057 0.05253940455341506
0 4.981294042903271e-07 1.327349890355144e-07 0.05893909626719057 0.05253940455341506
0 3.8512645734899776e-07 1.4726668781734536e-07 0.05893909626719057 0.05253940455341506
0 3.2722409977195156e-07 1.2924742336512625e-07 0.05893909626719057 0.05253940455341506
0 3.2162056343018286e-07 1.4552290496970745e-07 0.05893909626719057 0.05253940455341506
0 1.9040641805092664e-07 1.249847263380893e-07 0.05893909626719057 0.05253940455341506
0 5.015062215793361e-07 1.1114987520920013e-07 0.05893909626719057 0.05253940455341506
0 4.50141192117499e-07 1.1502500655169076e-07 0.05893909626719057 0.05253940455341506
0 4.022783237454974e-07 1.1696265979017305e-07 0.05893909626719057 0.05253940455341506
0 3.5791781294445134e-07 1.0679033054775605e-07 0.05893909626719057 0.05253940455341506
0 3.4390916854323035e-07 9.468069832336084e-08 0.05893909626719057 0.05253940455341506
0 3.0421800940411104e-07 1.1647824648366343e-07 0.05893909626719057 0.05253940455341506
0 2.9020936500289005e-07 1.0630609236327656e-07 0.05893909626719057 0.05253940455341506
0 2.400117225663449e-07 1.1550941985820038e-07 0.05893909626719057 0.05253940455341506
0 2.540203669675659e-07 9.758700305283223e-08 0.05893909626719057 0.05253940455341506
0 2.10827046738611e-07 1.0775915716077528e-07 0.05893909626719057 0.05253940455341506
0 1.86312115493165e-07 1.1260311512872897e-07 0.05893909626719057 0.05253940455341506
0 1.636407991919023e-07 1.1525653019491341e-07 0.05893909626719057 0.05253940455341506
0 1.4435081884057974e-07 1.0539120619761805e-07 0.05893909626719057 0.05253940455341506
0 1.4428618228950212e-07 8.935232703645369e-08 0.05893909626719057 0.05253940455341506
0 2.1432920782844655e-07 8.257089096449166e-08 0.05893909626719057 0.05253940455341506
0 1.5479266558692793e-07 3.897596977836041e-08 0.05893909626719057 0.05253940455341506
0 1.3027753788828113e-07 4.091344788236875e-08 0.05893909626719057 0.05253940455341506
0 1.1159934535797305e-07 5.011695051176652e-08 0.05893909626719057 0.05253940455341506
0 8.613058307959675e-08 6.839838659262264e-08 0.05893909626719057 0.05253940455341506
