0 2.605086420042145e-07 2.2478750041739783e-07 0.05893909626719057 0.05253940455341506
0 2.0587504671835302e-07 2.218811956879264e-07 0.05893909626719057 0.05253940455341506
0 1.7925854378173268e-07 2.0734932178406532e-07 0.05893909626719057 0.05253940455341506
0 1.8276070487156823e-07 2.3379730776553749e-07 0.05893909626719057 0.05253940455341506
0 2.1732357324243997e-07 2.345207753732117e-07 0.05893909626719057 0.05253940455341506
0 1.540430231501751e-07 2.2013741285273233e-07 0.05893909626719057 0.05253940455341506
0 1.5054086204637995e-07 2.3902865628356353e-07 0.05893909626719057 0.05253940455341506
0 4.315697205933773e-08 2.1410501354877705e-07 0.05893909626719057 0.05253940455341506
0 5.8099604673240266e-08 1.929853988417682e-07 0.05893909626719057 0.05253940455341506
0 5.3430056544153143e-08 1.8077874384849188e-07 0.05893909626719057 0.05253940455341506
0 2.5879761848052e-08 1.7477226398626086e-07 0.05893909626719057 0.05253940455341506
0 2.3077993677167647e-08 1.5791534629384513e-07 0.05893909626719057 0.05253940455341506
0 3.932807040518769e-09 1.8756017992045393e-07 0.05893909626719057 0.05253940455341506
0 1.560667737719617e-08 1.986043130194529e-07 0.05893909626719057 0.05253940455341506
0 6.7345752114031205e-09 1.3311429551315992e-07 0.05893909626719057 0.05253940455341506
0 2.9148327672076346e-08 1.2321657222304209e-07 0.05893909626719057 0.05253940455341506
0 3.249638482950286e-07 1.1372235155594897e-07 0.05893909626719057 0.05253940455341506
0 2.899424337521568e-07 1.0907226399128349e-07 0.05893909626719057 0.05253940455341506
0 2.5632160860794616e-07 1.0645650216503348e-07 0.05893909626719057 0.05253940455341506
0 3.2356306244316664e-07 1.2680098552783737e-07 0.05893909626719057 0.05253940455341506
0 2.850392903432989e-07 1.3028872633269948e-07 0.05893909626719057 0.05253940455341506
0 2.843388974103881e-07 1.4249538132597577e-07 0.05893909626719057 0.05253940455341506
0 2.535198404370618e-07 1.5528347239464278e-07 0.05893909626719057 0.05253940455341506
0 2.4441433945865835e-07 1.4249538132597577e-07 0.05893909626719057 0.05253940455341506
0 2.493172864143155e-07 1.3116053018928146e-07 0.05893909626719057 0.05253940455341506
0 2.3320746322832174e-07 1.2011639709028246e-07 0.05893909626719057 0.05253940455341506
0 2.065909602777418e-07 1.1255982966167164e-07 0.05893909626719057 0.05253940455341506
0 1.8417720781706858e-07 1.0587524122411674e-07 0.05893909626719057 0.05253940455341506
0 1.5756070488044821e-07 1.0238750041925463e-07 0.05893909626719057 0.05253940455341506
0 1.218387009514648e-07 1.0790974209700617e-07 0.05893909626719057 0.05253940455341506
0 1.5475913316276466e-07 1.1401306959364431e-07 0.05893909626719057 0.05253940455341506
0 1.94683691128454e-07 1.206976580311992e-07 0.05893909626719057 0.05253940455341506
0 1.757720997715759e-07 1.343575529564482e-07 0.05893909626719057 0.05253940455341506
0 1.80675046727233e-07 1.4917996976353068e-07 0.05893909626719057 0.05253940455341506
0 1.4285166754631645e-07 1.4423916416116987e-07 0.05893909626719057 0.05253940455341506
0 1.1413398582492333e-07 1.2709170356553274e-07 0.05893909626719057 0.05253940455341506
0 1.0783025300344463e-07 1.5615527625122476e-07 0.05893909626719057 0.05253940455341506
