0 2.8211964004748425e-07 1.5922569305780558e-07 0.05893909626719057 0.05253940455341506
0 3.295622726597394e-07 1.607757806241854e-07 0.05893909626719057 0.05253940455341506
0 3.0154498385729746e-07 1.6930099954378534e-07 0.05893909626719057 0.05253940455341506
0 3.3367150645645743e-07 1.378349750257576e-07 0.05893909626719057 0.05253940455341506
0 2.929530388646687e-07 1.4279504507182668e-07 0.05893909626719057 0.05253940455341506
0 3.049070663745104e-07 1.2465949341946204e-07 0.05893909626719057 0.05253940455341506
0 2.7987838267612933e-07 1.1659924822818948e-07 0.05893909626719057 0.05253940455341506
0 3.6280942393759705e-07 1.110190380723953e-07 0.05893909626719057 0.05253940455341506
0 4.1585539643842007e-07 1.2264443211231104e-07 0.05893909626719057 0.05253940455341506
0 3.2806797010072915e-07 1.1675423947511322e-07 0.05893909626719057 0.05253940455341506
0 3.075219976122183e-07 1.534904916675315e-07 0.05893909626719057 0.05253940455341506
0 2.7059095635980124e-07 1.0887683141437071e-07 0.05893909626719057 0.05253940455341506
0 3.049070663745104e-07 1.0481886294135002e-07 0.05893909626719057 0.05253940455341506
0 3.142461626466443e-07 9.071343386595591e-08 0.05893909626719057 0.05253940455341506
0 3.37407066372863e-07 8.55981974384891e-08 0.05893909626719057 0.05253940455341506
0 3.6206227265809196e-07 8.46680748473604e-08 0.05893909626719057 0.05253940455341506
0 3.463724887646843e-07 7.490275085522812e-08 0.05893909626719057 0.05253940455341506
0 3.960565752154547e-07 9.598348640587248e-08 0.05893909626719057 0.05253940455341506
0 4.4574046519906477e-07 8.358313614378192e-08 0.05893909626719057 0.05253940455341506
0 3.8970588759418093e-07 7.908803982604018e-08 0.05893909626719057 0.05253940455341506
0 4.434990113605495e-07 5.3512032823180116e-08 0.05893909626719057 0.05253940455341506
0 4.759990113589021e-07 5.3512032823180116e-08 0.05893909626719057 0.05253940455341506
0 4.711428227637988e-07 7.149276837553882e-08 0.05893909626719057 0.05253940455341506
0 5.055106027203542e-07 6.637753194807202e-08 0.05893909626719057 0.05253940455341506
0 5.152231763916806e-07 5.3047059082408915e-08 0.05893909626719057 0.05253940455341506
0 4.931830978113199e-07 8.094810987382364e-08 0.05893909626719057 0.05253940455341506
0 4.877007795298078e-07 9.227087695580371e-08 0.05893909626719057 0.05253940455341506
0 4.842174789523382e-07 4.328173509027664e-08 0.05893909626719057 0.05253940455341506
0 4.792117815005102e-07 3.514408185522302e-08 0.05893909626719057 0.05253940455341506
0 4.5978643769069704e-07 2.382867029671093e-08 0.05893909626719057 0.05253940455341506
