0 3.104763630298819e-07 4.774799778290252e-08 0.05893909626719057 0.05253940455341506
0 3.4409699172089175e-07 5.21075424443466e-08 0.05893909626719057 0.05253940455341506
0 3.539030820854068e-07 3.990053719456621e-08 0.05893909626719057 0.05253940455341506
0 4.0713589151940627e-07 3.37970345634541e-08 0.05893909626719057 0.05253940455341506
0 4.3725435910662097e-07 3.990053719456621e-08 0.05893909626719057 0.05253940455341506
0 4.3235141215096384e-07 2.9727857683201284e-08 0.05893909626719057 0.05253940455341506
0 3.994311763928648e-07 2.042733228492242e-08 0.05893909626719057 0.05253940455341506
0 3.7981899564987515e-07 3.1762358556090714e-08 0.05893909626719057 0.05253940455341506
0 3.5600445733733996e-07 1.8683374315254386e-08 0.05893909626719057 0.05253940455341506
0 3.461983669588653e-07 2.565885593742243e-08 0.05893909626719057 0.05253940455341506
0 3.237844180449913e-07 1.9846071344005673e-08 0.05893909626719057 0.05253940455341506
0 3.1467891706658785e-07 7.057630006390742e-09 0.05893909626719057 0.05253940455341506
0 3.4409699172089175e-07 7.929608997446674e-09 0.05893909626719057 0.05253940455341506
0 3.707134946714717e-07 9.541273877224606e-10 0.05893909626719057 0.05253940455341506
0 3.9803019407384247e-07 5.895108124557247e-09 0.05893909626719057 0.05253940455341506
