0 3.5185321773379945e-08 7.310189621954751e-08 0.05893909626719057 0.05253940455341506
0 7.57811960487491e-08 7.466179112981159e-08 0.05893909626719057 0.05253940455341506
0 3.448492885442874e-08 6.205723771712665e-08 0.05893909626719057 0.05253940455341506
0 4.0162335536297716e-08 4.599243912668185e-08 0.05893909626719057 0.05253940455341506
0 7.861204084286441e-08 5.0431318273789046e-08 0.05893909626719057 0.05253940455341506
0 1.1052323925917895e-07 4.810609936320426e-08 0.05893909626719057 0.05253940455341506
0 6.810575399863937e-08 3.909594174611667e-08 0.05893909626719057 0.05253940455341506
0 8.141380901374876e-08 2.8051283256139638e-08 0.05893909626719057 0.05253940455341506
0 1.0382775792762277e-07 1.8750582723386816e-08 0.05893909626719057 0.05253940455341506
0 8.071341608083797e-08 1.3518883948856675e-08 0.05893909626719057 0.05253940455341506
0 1.9138571471215329e-07 4.172926647154602e-12 0.05893909626719057 0.05253940455341506
0 1.0032559682382764e-07 5.3807053228250075e-09 0.05893909626719057 0.05253940455341506
