0 2.2793844370594942e-08 2.2081784119454058e-08 0.05893909626719057 0.05253940455341506
0 1.8591093880688227e-08 4.6495969765932635e-08 0.05893909626719057 0.05253940455341506
0 8.785199969373977e-09 3.8067248224235746e-08 0.05893909626719057 0.05253940455341506
0 4.520759683126817e-08 3.341698552509631e-08 0.05893909626719057 0.05253940455341506
0 7.532606441848286e-08 3.719526923317981e-08 0.05893909626719057 0.05253940455341506
0 4.941015085401451e-08 4.446146889304321e-08 0.05893909626719057 0.05253940455341506
0 2.0175396225536695e-07 8.292364051540746e-08 0.05893909626719057 0.05253940455341506
0 2.4377989545902983e-07 6.839141634259847e-08 0.05893909626719057 0.05253940455341506
0 1.819083826858073e-07 7.371996276397956e-08 0.05893909626719057 0.05253940455341506
0 1.5097262629919602e-07 8.655674034533917e-08 0.05893909626719057 0.05253940455341506
0 1.1595121175632419e-07 5.9429770116173324e-08 0.05893909626719057 0.05253940455341506
0 8.910130999313383e-08 5.28901904347401e-08 0.05893909626719057 0.05253940455341506
0 1.334618207941799e-07 4.683502405981649e-08 0.05893909626719057 0.05253940455341506
0 1.5856064201245248e-07 5.603887694571835e-08 0.05893909626719057 0.05253940455341506
0 1.88912704879438e-07 3.956899953442705e-08 0.05893909626719057 0.05253940455341506
0 2.1634630017621372e-07 4.7077230706849384e-08 0.05893909626719057 0.05253940455341506
0 2.5720484634062504e-07 2.7216460125103108e-08 0.05893909626719057 0.05253940455341506
0 2.0292134928065896e-07 2.4794393580111196e-08 0.05893909626719057 0.05253940455341506
0 2.1634630017621372e-07 1.3652887455727038e-08 0.05893909626719057 0.05253940455341506
0 1.8832901137377177e-07 1.4863920728222993e-08 0.05893909626719057 0.05253940455341506
0 1.5447478740299115e-07 2.3825566967091965e-08 0.05893909626719057 0.05253940455341506
0 8.793392296784185e-08 1.2926267489740698e-08 0.05893909626719057 0.05253940455341506
0 6.633726283940482e-08 2.1887913716165837e-08 0.05893909626719057 0.05253940455341506
0 5.641447306160478e-08 8.566722828296619e-09 0.05893909626719057 0.05253940455341506
0 1.1420013121140642e-07 1.4379507421713377e-08 0.05893909626719057 0.05253940455341506
0 3.2969954182455843e-07 2.6247633512083876e-08 0.05893909626719057 0.05253940455341506
0 2.9059207620506485e-07 2.0192467137160263e-08 0.05893909626719057 0.05253940455341506
0 3.08102881710081e-07 8.808929487773343e-09 0.05893909626719057 0.05253940455341506
0 2.5848893277920204e-07 1.3410680796250315e-08 0.05893909626719057 0.05253940455341506
0 2.71330190155131e-07 3.480383078836072e-09 0.05893909626719057 0.05253940455341506
0 2.421455143134375e-07 8.161098743674368e-10 0.05893909626719057 0.05253940455341506
0 2.0654020979773908e-07 1.300523180877053e-09 0.05893909626719057 0.05253940455341506
0 1.505058286600156e-07 8.566722828296619e-09 0.05893909626719057 0.05253940455341506
0 4.153855928963566e-07 1.6637455966332432e-09 0.05893909626719057 0.05253940455341506
0 4.3680641804320443e-07 6.944430600985857e-08 0.05893909626719057 0.05253940455341506
0 4.940673217884837e-07 5.28901904347401e-08 0.05893909626719057 0.05253940455341506
0 4.748054357245902e-07 4.610840409383015e-08 0.05893909626719057 0.05253940455341506
0 4.718869681543805e-07 5.7249910218214306e-08 0.05893909626719057 0.05253940455341506
0 4.444533728576047e-07 4.465516416185747e-08 0.05893909626719057 0.05253940455341506
