0 8.811463234239628e-09 8.908201530081997e-08 0.05893909626719057 0.05253940455341506
0 9.745451446921204e-09 1.0845819744158267e-07 0.05893909626719057 0.05253940455341506
0 3.029142393543207e-08 9.37322779999594e-08 0.05893909626719057 0.05253940455341506
0 3.309299565311563e-08 8.055662125918991e-08 0.05893909626719057 0.05253940455341506
0 4.9903408225220943e-08 8.636940584016283e-08 0.05893909626719057 0.05253940455341506
0 4.3366080123971456e-08 6.854331126577994e-08 0.05893909626719057 0.05253940455341506
0 4.4300068336653035e-08 5.7305307763492746e-08 0.05893909626719057 0.05253940455341506
0 7.044938071373181e-08 6.738078938394644e-08 0.05893909626719057 0.05253940455341506
0 7.792069702766288e-08 7.784383666405882e-08 0.05893909626719057 0.05253940455341506
0 8.072246519854723e-08 8.598184016806035e-08 0.05893909626719057 0.05253940455341506
0 9.099535321620226e-08 9.64448874481727e-08 0.05893909626719057 0.05253940455341506
0 4.1076568720543227e-07 1.0865189271039693e-07 0.05893909626719057 0.05253940455341506
0 3.696753139238148e-07 1.2214296101415599e-07 0.05893909626719057 0.05253940455341506
0 3.324884769794133e-07 1.2300285592561e-07 0.05893909626719057 0.05253940455341506
0 3.0336627659191206e-07 1.229902464674739e-07 0.05893909626719057 0.05253940455341506
0 2.940271803197782e-07 1.1446467729136986e-07 0.05893909626719057 0.05253940455341506
0 2.660098915173363e-07 1.2415276836175122e-07 0.05893909626719057 0.05253940455341506
0 2.118430938846148e-07 1.024515424448777e-07 0.05893909626719057 0.05253940455341506
0 1.950328777657103e-07 1.1097711162098171e-07 0.05893909626719057 0.05253940455341506
0 1.950328777657103e-07 9.353858273114514e-08 0.05893909626719057 0.05253940455341506
0 1.5674250449241254e-07 8.888832003200571e-08 0.05893909626719057 0.05253940455341506
0 1.2218788758872111e-07 8.73382324656259e-08 0.05893909626719057 0.05253940455341506
0 1.1845232767231556e-07 6.79620503248632e-08 0.05893909626719057 0.05253940455341506
0 1.1658454771411278e-07 5.904909061113065e-08 0.05893909626719057 0.05253940455341506
0 1.1191499958502566e-07 4.316064927523006e-08 0.05893909626719057 0.05253940455341506
0 8.763327069898928e-08 4.0835605486675405e-08 0.05893909626719057 0.05253940455341506
0 7.362462629776832e-08 5.323630601771389e-08 0.05893909626719057 0.05253940455341506
0 5.868219015102615e-08 4.354821494733254e-08 0.05893909626719057 0.05253940455341506
0 7.642639446865267e-08 2.8047339295978265e-08 0.05893909626719057 0.05253940455341506
0 1.1191499958502566e-07 3.3472733339322665e-08 0.05893909626719057 0.05253940455341506
0 1.4273386009119157e-07 4.044803981457292e-08 0.05893909626719057 0.05253940455341506
0 1.4833739643296028e-07 3.037255820656304e-08 0.05893909626719057 0.05253940455341506
0 1.4740340822027868e-07 1.9909510926450684e-08 0.05893909626719057 0.05253940455341506
0 1.4553562826207593e-07 4.796200934755061e-09 0.05893909626719057 0.05253940455341506
0 1.931650978075075e-07 1.0996376065800345e-08 0.05893909626719057 0.05253940455341506
0 2.2491794654031458e-07 6.733679051207228e-09 0.05893909626719057 0.05253940455341506
0 1.9129712138214435e-07 2.494716416321864e-08 0.05893909626719057 0.05253940455341506
0 1.6141205262149964e-07 1.7584292003422074e-08 0.05893909626719057 0.05253940455341506
0 2.473316989870282e-07 1.7584292003422074e-08 0.05893909626719057 0.05253940455341506
0 2.688116597021802e-07 2.8585476962727654e-09 0.05893909626719057 0.05253940455341506
0 2.958949602919406e-07 9.446463633894493e-09 0.05893909626719057 0.05253940455341506
0 2.5200124711611536e-07 2.9597426862358073e-08 0.05893909626719057 0.05253940455341506
0 2.3705881096937318e-07 3.7735430366359615e-08 0.05893909626719057 0.05253940455341506
0 2.053057657833653e-07 4.122317117122172e-08 0.05893909626719057 0.05253940455341506
0 1.894293414239416e-07 4.471073684160987e-08 0.05893909626719057 0.05253940455341506
0 1.7168513710631506e-07 5.47863935840937e-08 0.05893909626719057 0.05253940455341506
0 1.446018365165547e-07 5.556134980626854e-08 0.05893909626719057 0.05253940455341506
0 1.4366784830387314e-07 6.214926573144644e-08 0.05893909626719057 0.05253940455341506
0 1.4366784830387314e-07 7.416240059038244e-08 0.05893909626719057 0.05253940455341506
0 1.651478090050656e-07 7.765014139524454e-08 0.05893909626719057 0.05253940455341506
0 1.9036332963662316e-07 8.268796976648647e-08 0.05893909626719057 0.05253940455341506
0 1.931650978075075e-07 6.718709410268836e-08 0.05893909626719057 0.05253940455341506
0 2.2585173828583577e-07 7.261231302400262e-08 0.05893909626719057 0.05253940455341506
0 2.6134034338824915e-07 7.299987869610511e-08 0.05893909626719057 0.05253940455341506
0 3.024322883792305e-07 7.33874443682076e-08 0.05893909626719057 0.05253940455341506
0 3.360531135234411e-07 7.920022896162436e-08 0.05893909626719057 0.05253940455341506
0 3.537973178550272e-07 9.00508419138392e-08 0.05893909626719057 0.05253940455341506
0 3.818146066574691e-07 9.663875785146093e-08 0.05893909626719057 0.05253940455341506
0 3.481937814992989e-07 9.935136731211807e-08 0.05893909626719057 0.05253940455341506
0 3.2671401726526685e-07 1.0400163001125749e-07 0.05893909626719057 0.05253940455341506
0 3.145731528222487e-07 9.160092948021901e-08 0.05893909626719057 0.05253940455341506
0 2.7617452807000667e-07 1.0202019393824666e-07 0.05893909626719057 0.05253940455341506
0 3.752772785562197e-07 7.571248815676225e-08 0.05893909626719057 0.05253940455341506
0 3.4632600154109614e-07 6.602457222085486e-08 0.05893909626719057 0.05253940455341506
0 3.8088061844478756e-07 6.369935329782625e-08 0.05893909626719057 0.05253940455341506
0 3.5286332964234564e-07 3.928551792029559e-08 0.05893909626719057 0.05253940455341506
0 3.127053728640459e-07 3.61853427999798e-08 0.05893909626719057 0.05253940455341506
0 2.725472196185858e-07 3.7735430366359615e-08 0.05893909626719057 0.05253940455341506
0 2.8375409584892243e-07 4.7810911974369487e-08 0.05893909626719057 0.05253940455341506
