0 2.217597264955189e-07 1.0019962760269299e-08 0.05893909626719057 0.05253940455341506
0 2.0600000154938014e-07 2.4552186920634472e-08 0.05893909626719057 0.05253940455341506
0 2.1650648484680597e-07 4.56239907748767e-08 0.05893909626719057 0.05253940455341506
0 1.721459740457599e-07 4.368633753639441e-08 0.05893909626719057 0.05253940455341506
0 1.423776046844406e-07 4.295971757040807e-08 0.05893909626719057 0.05253940455341506
0 1.353732824908099e-07 5.143695050276742e-08 0.05893909626719057 0.05253940455341506
0 1.0443752610419863e-07 3.956899953442705e-08 0.05893909626719057 0.05253940455341506
0 1.1494400940162446e-07 3.206059322753076e-08 0.05893909626719057 0.05253940455341506
0 1.5346778150149222e-07 3.3029419852993825e-08 0.05893909626719057 0.05253940455341506
0 1.785666027197648e-07 2.6005426852607152e-08 0.05893909626719057 0.05253940455341506
0 1.9666090527724631e-07 1.0504376066778915e-08 0.05893909626719057 0.05253940455341506
0 1.5638624908566157e-07 1.1473202692241979e-08 0.05893909626719057 0.05253940455341506
0 1.4529607226860995e-07 2.7537631128497326e-09 0.05893909626719057 0.05253940455341506
0 1.3362220193193256e-07 1.3168474136773591e-08 0.05893909626719057 0.05253940455341506
0 1.3829175007497928e-07 2.2372327035119285e-08 0.05893909626719057 0.05253940455341506
0 6.941591509416644e-08 3.520927975095284e-08 0.05893909626719057 0.05253940455341506
0 9.159626874222924e-08 2.818528675056617e-08 0.05893909626719057 0.05253940455341506
0 4.256601333097608e-08 2.818528675056617e-08 0.05893909626719057 0.05253940455341506
0 5.7742044771448613e-08 2.0434673796636987e-08 0.05893909626719057 0.05253940455341506
0 3.964754574680673e-08 1.6317160660195675e-08 0.05893909626719057 0.05253940455341506
0 6.649744752395667e-08 1.0504376066778915e-08 0.05893909626719057 0.05253940455341506
0 9.568212335169059e-08 7.84010286231028e-09 0.05893909626719057 0.05253940455341506
0 3.6752121962555175e-07 1.0862694804371054e-08 0.05893909626719057 0.05253940455341506
0 3.600499033116207e-07 1.977582965257756e-08 0.05893909626719057 0.05253940455341506
0 3.824636557722939e-07 2.927040058861861e-08 0.05893909626719057 0.05253940455341506
0 4.128157186392794e-07 4.0314883944121677e-08 0.05893909626719057 0.05253940455341506
0 4.2215481489745364e-07 5.387845662594158e-08 0.05893909626719057 0.05253940455341506
0 4.3849823337717775e-07 4.205884191378971e-08 0.05893909626719057 0.05253940455341506
0 4.539076636302607e-07 4.9228018804772013e-08 0.05893909626719057 0.05253940455341506
0 4.6371375399477574e-07 3.953992773439066e-08 0.05893909626719057 0.05253940455341506
0 4.884622805199925e-07 3.8958491658999956e-08 0.05893909626719057 0.05253940455341506
0 4.1141473632025705e-07 2.8301573963155547e-08 0.05893909626719057 0.05253940455341506
0 4.459693532099889e-07 2.1519787622245595e-08 0.05893909626719057 0.05253940455341506
0 4.7632141607697435e-07 2.8107703559867325e-08 0.05893909626719057 0.05253940455341506
0 4.819249524327026e-07 1.5513132637984445e-08 0.05893909626719057 0.05253940455341506
0 5.118100211933474e-07 7.374953999508948e-09 0.05893909626719057 0.05253940455341506
0 5.11529864020183e-07 2.927040058861861e-08 0.05893909626719057 0.05253940455341506
0 4.909838915316722e-07 1.3682990152477983e-09 0.05893909626719057 0.05253940455341506
