0 1.6742514495858554e-07 2.3833979464566232e-07 0.05893909626719057 0.05253940455341506
0 1.988575614622901e-07 2.2840406784666215e-07 0.05893909626719057 0.05253940455341506
0 2.3980314102923394e-07 2.284580083064667e-07 0.05893909626719057 0.05253940455341506
0 2.2252573435078782e-07 2.3930862125868155e-07 0.05893909626719057 0.05253940455341506
0 2.2719528247987496e-07 2.069503025239335e-07 0.05893909626719057 0.05253940455341506
0 2.5614655949499847e-07 2.1315065278945272e-07 0.05893909626719057 0.05253940455341506
0 2.6164970290464203e-07 1.9066010988486013e-07 0.05893909626719057 0.05253940455341506
0 2.883664023201867e-07 1.8505520620377174e-07 0.05893909626719057 0.05253940455341506
0 2.8556463414930237e-07 1.9319320970777328e-07 0.05893909626719057 0.05253940455341506
0 3.0937917246183756e-07 2.046250836133487e-07 0.05893909626719057 0.05253940455341506
0 3.126479347390627e-07 2.1489461075912076e-07 0.05893909626719057 0.05253940455341506
0 3.275905673529653e-07 2.154758717000375e-07 0.05893909626719057 0.05253940455341506
0 3.1918526282635264e-07 2.3272070532105982e-07 0.05893909626719057 0.05253940455341506
0 3.5280608798452285e-07 2.1838235156398286e-07 0.05893909626719057 0.05253940455341506
0 3.518720997718413e-07 2.1043804332879558e-07 0.05893909626719057 0.05253940455341506
0 3.369296636111395e-07 1.9784347240691272e-07 0.05893909626719057 0.05253940455341506
0 3.2245402511753733e-07 1.9203068781349596e-07 0.05893909626719057 0.05253940455341506
0 3.4253300349970743e-07 1.8699285944225404e-07 0.05893909626719057 0.05253940455341506
0 3.733520604730337e-07 1.9241807835112447e-07 0.05893909626719057 0.05253940455341506
0 3.990345752109321e-07 1.955182534838841e-07 0.05893909626719057 0.05253940455341506
0 3.9436502708184495e-07 2.0753156346485024e-07 0.05893909626719057 0.05253940455341506
0 4.326552038879823e-07 1.990059942887462e-07 0.05893909626719057 0.05253940455341506
0 4.4339508601197813e-07 2.100504776566931e-07 0.05893909626719057 0.05253940455341506
0 4.214483276716053e-07 2.15088306027935e-07 0.05893909626719057 0.05253940455341506
0 3.8969547893879823e-07 2.1993243913036268e-07 0.05893909626719057 0.05253940455341506
0 3.8969547893879823e-07 2.3039548641047503e-07 0.05893909626719057 0.05253940455341506
0 4.391925319892318e-07 2.276828769498179e-07 0.05893909626719057 0.05253940455341506
0 4.153777972095362e-07 2.3659601181046823e-07 0.05893909626719057 0.05253940455341506
0 4.824946930846525e-07 2.304860293158141e-07 0.05893909626719057 0.05253940455341506
0 5.086442019288917e-07 2.2079793824543275e-07 0.05893909626719057 0.05253940455341506
0 5.011728856149606e-07 2.0665327975717005e-07 0.05893909626719057 0.05253940455341506
0 4.759573649973626e-07 2.1401615190452281e-07 0.05893909626719057 0.05253940455341506
0 2.8292337678673004e-07 1.6878760550119274e-07 0.05893909626719057 0.05253940455341506
0 3.073868345435306e-07 1.7419811338801488e-07 0.05893909626719057 0.05253940455341506
0 3.6762396617116084e-07 1.7090406785196703e-07 0.05893909626719057 0.05253940455341506
0 3.900379150850348e-07 1.8059215890990455e-07 0.05893909626719057 0.05253940455341506
0 3.9875932963301965e-07 1.6100144087124132e-07 0.05893909626719057 0.05253940455341506
0 4.283280919051318e-07 1.7632946189531144e-07 0.05893909626719057 0.05253940455341506
0 4.2692730605326984e-07 1.641224566330872e-07 0.05893909626719057 0.05253940455341506
0 4.259933178405882e-07 1.4629636207114814e-07 0.05893909626719057 0.05253940455341506
0 4.6615147108604835e-07 1.7264802582163507e-07 0.05893909626719057 0.05253940455341506
0 4.824946930846525e-07 1.8640511863779525e-07 0.05893909626719057 0.05253940455341506
0 4.843626695100157e-07 1.9493051267942534e-07 0.05893909626719057 0.05253940455341506
0 4.862304494682184e-07 1.4087096802780376e-07 0.05893909626719057 0.05253940455341506
0 4.946355575276707e-07 1.5908462826184528e-07 0.05893909626719057 0.05253940455341506
0 5.053756361188269e-07 1.4862140584725898e-07 0.05893909626719057 0.05253940455341506
0 5.077104101833704e-07 1.7691072283622818e-07 0.05893909626719057 0.05253940455341506
0 5.106988188202709e-07 1.35058183434387e-07 0.05893909626719057 0.05253940455341506
0 4.817477382723078e-07 1.228511781846066e-07 0.05893909626719057 0.05253940455341506
0 4.943554003545063e-07 1.079313883396951e-07 0.05893909626719057 0.05253940455341506
