0 4.945548148991958e-07 3.131108119229623e-09 0.05893909626719057 0.05253940455341506
0 4.856825162802018e-07 4.7113945246411274e-08 0.05893909626719057 0.05253940455341506
0 4.081681744273264e-07 3.0644593238541855e-08 0.05893909626719057 0.05253940455341506
0 4.203090388703446e-07 2.2700635272302496e-08 0.05893909626719057 0.05253940455341506
0 4.6373575792586944e-07 2.1150547705922684e-08 0.05893909626719057 0.05253940455341506
0 3.824856597033876e-07 1.9600460139542876e-08 0.05893909626719057 0.05253940455341506
0 3.283190585238669e-07 2.3281896213219242e-08 0.05893909626719057 0.05253940455341506
0 3.563363473263088e-07 4.3432684307208865e-08 0.05893909626719057 0.05253940455341506
0 7.70976439817315e-08 3.471359498432071e-08 0.05893909626719057 0.05253940455341506
0 1.1538782080182846e-07 2.289433054111676e-08 0.05893909626719057 0.05253940455341506
0 8.270098385633983e-08 1.3593980277311855e-08 0.05893909626719057 0.05253940455341506
0 1.649121822850092e-07 1.866788570311023e-08 0.05893909626719057 0.05253940455341506
0 2.0084047306101624e-07 2.3863157154135992e-08 0.05893909626719057 0.05253940455341506
0 1.975717107837911e-07 1.0106414606923706e-08 0.05893909626719057 0.05253940455341506
0 2.3772986401529163e-07 3.02572026884695e-08 0.05893909626719057 0.05253940455341506
0 2.101795693191905e-07 3.703863877287536e-08 0.05893909626719057 0.05253940455341506
0 2.6061061058230566e-07 3.626368255070052e-08 0.05893909626719057 0.05253940455341506
0 3.0216954967962775e-07 3.083846364183008e-08 0.05893909626719057 0.05253940455341506
0 2.853591371075224e-07 1.4562806890331087e-08 0.05893909626719057 0.05253940455341506
0 5.003453846552609e-07 2.4468761363842866e-08 0.05893909626719057 0.05253940455341506
