0 5.136998050826438e-07 2.1595318868807363e-07 0.05893909626719057 0.05253940455341506
0 4.796121822852932e-07 2.099467088258426e-07 0.05893909626719057 0.05253940455341506
0 4.123707284640323e-07 2.2428471232641546e-07 0.05893909626719057 0.05253940455341506
0 3.7921709387936326e-07 2.2777227799680363e-07 0.05893909626719057 0.05253940455341506
0 3.9696129821094935e-07 2.3842902055817406e-07 0.05893909626719057 0.05253940455341506
0 4.263793728652533e-07 2.395915424524514e-07 0.05893909626719057 0.05253940455341506
0 4.389872314006527e-07 2.3281010636804552e-07 0.05893909626719057 0.05253940455341506
0 4.902135575320707e-07 2.2487280339982216e-07 0.05893909626719057 0.05253940455341506
0 1.7375717247125589e-07 2.3300380164930362e-07 0.05893909626719057 0.05253940455341506
0 2.1298133750403442e-07 2.2835353895016418e-07 0.05893909626719057 0.05253940455341506
0 7.948644555216701e-08 2.386432061995705e-07 0.05893909626719057 0.05253940455341506
0 3.02823380719145e-07 2.1091553545130568e-07 0.05893909626719057 0.05253940455341506
0 8.43821233485265e-08 1.8572709410810425e-07 0.05893909626719057 0.05253940455341506
0 2.5407467162700352e-08 1.5959924823331176e-07 0.05893909626719057 0.05253940455341506
