0 2.9471492884457513e-07 2.373097140846308e-07 0.05893909626719057 0.05253940455341506
0 2.4988742393718827e-07 2.3149692949121405e-07 0.05893909626719057 0.05253940455341506
0 2.2794046911569546e-07 2.3595332178706526e-07 0.05893909626719057 0.05253940455341506
0 1.94786834544986e-07 2.29752971521546e-07 0.05893909626719057 0.05253940455341506
0 1.94786834544986e-07 2.3808467029436181e-07 0.05893909626719057 0.05253940455341506
0 1.7097209976529042e-07 2.3866593124772237e-07 0.05893909626719057 0.05253940455341506
0 1.051316282490923e-07 2.36534582727982e-07 0.05893909626719057 0.05253940455341506
0 1.1680530211860933e-07 2.298499942904271e-07 0.05893909626719057 0.05253940455341506
0 1.3735147108824015e-07 2.2616855821675073e-07 0.05893909626719057 0.05253940455341506
0 3.0078545929268464e-07 2.238433392937221e-07 0.05893909626719057 0.05253940455341506
0 2.9378113709905396e-07 2.1241164052262065e-07 0.05893909626719057 0.05253940455341506
0 2.690324141066768e-07 2.2248712213063052e-07 0.05893909626719057 0.05253940455341506
0 2.5922652019536254e-07 2.0950516067111913e-07 0.05893909626719057 0.05253940455341506
0 2.3681257128148853e-07 2.2132442511432307e-07 0.05893909626719057 0.05253940455341506
0 2.0786149073352539e-07 2.1841812038485167e-07 0.05893909626719057 0.05253940455341506
0 2.746359504484455e-07 1.9477941635152598e-07 0.05893909626719057 0.05253940455341506
0 3.1152534141668047e-07 2.0020463527284026e-07 0.05893909626719057 0.05253940455341506
0 3.0125225693186505e-07 1.8373510813049688e-07 0.05893909626719057 0.05253940455341506
0 2.6949940821301756e-07 1.7889115016254319e-07 0.05893909626719057 0.05253940455341506
0 2.391473453460321e-07 1.8761041460746147e-07 0.05893909626719057 0.05253940455341506
0 2.3120923139292062e-07 2.0059220094494274e-07 0.05893909626719057 0.05253940455341506
0 1.8778251233739573e-07 1.8857906609845057e-07 0.05893909626719057 0.05253940455341506
0 1.6630255163620329e-07 2.0214228851132255e-07 0.05893909626719057 0.05253940455341506
0 1.3968604868562334e-07 1.8576960900338632e-07 0.05893909626719057 0.05253940455341506
0 1.6770333748806526e-07 1.797631291411553e-07 0.05893909626719057 0.05253940455341506
0 1.8871630408291693e-07 1.714314303683395e-07 0.05893909626719057 0.05253940455341506
0 1.6350078346531894e-07 1.714314303683395e-07 0.05893909626719057 0.05253940455341506
0 1.4108703100464572e-07 1.7220638659051434e-07 0.05893909626719057 0.05253940455341506
0 1.1680530211860933e-07 1.7937556346905281e-07 0.05893909626719057 0.05253940455341506
0 8.551944750610264e-08 1.5321794525632808e-07 0.05893909626719057 0.05253940455341506
0 9.48870309999863e-08 1.4281847064543057e-07 0.05893909626719057 0.05253940455341506
0 1.1400373041488536e-07 1.4914911863257936e-07 0.05893909626719057 0.05253940455341506
0 1.0466463414275152e-07 1.6697486293801432e-07 0.05893909626719057 0.05253940455341506
0 1.2334282668701918e-07 1.5999955646276407e-07 0.05893909626719057 0.05253940455341506
0 1.5090078346277914e-07 1.5222932879617868e-07 0.05893909626719057 0.05253940455341506
0 1.971518640078036e-07 1.4606155295795585e-07 0.05893909626719057 0.05253940455341506
0 2.1253103886261252e-07 1.6019342686605227e-07 0.05893909626719057 0.05253940455341506
0 2.3381512530876623e-07 1.404804671422357e-07 0.05893909626719057 0.05253940455341506
0 2.433498993687784e-07 1.549619032259961e-07 0.05893909626719057 0.05253940455341506
0 2.4054832766505447e-07 1.6658747240038578e-07 0.05893909626719057 0.05253940455341506
0 2.8210726676237657e-07 1.6368099253644044e-07 0.05893909626719057 0.05253940455341506
0 4.359998011489923e-07 2.3960568606070524e-07 0.05893909626719057 0.05253940455341506
0 4.7167504671742185e-07 2.3129833054423573e-07 0.05893909626719057 0.05253940455341506
0 3.840043198069755e-07 2.3063458273445607e-07 0.05893909626719057 0.05253940455341506
0 3.541192510463308e-07 2.2691444262644535e-07 0.05893909626719057 0.05253940455341506
0 3.686882097938804e-07 2.059883480537768e-07 0.05893909626719057 0.05253940455341506
0 3.8475147108648057e-07 2.148238997237283e-07 0.05893909626719057 0.05253940455341506
0 4.120216086094174e-07 2.1869903106621892e-07 0.05893909626719057 0.05253940455341506
0 3.911021587077544e-07 2.024231991926898e-07 0.05893909626719057 0.05253940455341506
0 3.8889822942681077e-07 1.8955209586418185e-07 0.05893909626719057 0.05253940455341506
0 4.26590567356967e-07 1.9591286644576692e-07 0.05893909626719057 0.05253940455341506
0 4.299526498602204e-07 2.1203370707237232e-07 0.05893909626719057 0.05253940455341506
0 4.504986223626909e-07 2.1761391722816648e-07 0.05893909626719057 0.05253940455341506
0 4.7216541999705977e-07 2.124986808006997e-07 0.05893909626719057 0.05253940455341506
0 4.4489528247412294e-07 2.0195822546436242e-07 0.05893909626719057 0.05253940455341506
0 4.7664813120693e-07 1.9188274385635255e-07 0.05893909626719057 0.05253940455341506
0 5.016768148913516e-07 2.0273318168653726e-07 0.05893909626719057 0.05253940455341506
0 5.106424337503332e-07 2.3016960900612872e-07 0.05893909626719057 0.05253940455341506
0 4.7581532176709586e-07 1.7974684192128516e-07 0.05893909626719057 0.05253940455341506
0 4.985793689208249e-07 1.7030113264485448e-07 0.05893909626719057 0.05253940455341506
0 5.0208153002462e-07 1.8144228851273456e-07 0.05893909626719057 0.05253940455341506
