0 1.188567088086195e-07 2.2934901355386655e-07 0.05893909626719057 0.05253940455341506
0 3.7270719995877773e-07 2.39126071344209e-07 0.05893909626719057 0.05253940455341506
0 3.173123080230962e-07 2.2324586117925852e-07 0.05893909626719057 0.05253940455341506
0 2.4726928248415176e-07 2.0793920618769657e-07 0.05893909626719057 0.05253940455341506
0 1.8656515675018075e-07 2.145267718688142e-07 0.05893909626719057 0.05253940455341506
0 1.7302350645530057e-07 2.0212642160672362e-07 0.05893909626719057 0.05253940455341506
0 2.5847615871448834e-07 1.9127615891101288e-07 0.05893909626719057 0.05253940455341506
0 3.215148620458425e-07 2.0018894349027146e-07 0.05893909626719057 0.05253940455341506
0 2.696830349308654e-07 2.1375181564663936e-07 0.05893909626719057 0.05253940455341506
0 2.9676633552062575e-07 2.10070379572963e-07 0.05893909626719057 0.05253940455341506
0 2.4493450841960816e-07 2.2072694699985948e-07 0.05893909626719057 0.05253940455341506
0 2.80889911161202e-07 1.7248193823661893e-07 0.05893909626719057 0.05253940455341506
0 1.412706577224935e-07 2.222770345662393e-07 0.05893909626719057 0.05253940455341506
0 8.15005202012041e-08 2.0890785767868567e-07 0.05893909626719057 0.05253940455341506
0 8.290130605306609e-08 1.965075074165951e-07 0.05893909626719057 0.05253940455341506
0 1.9356947894381146e-07 1.899199417479213e-07 0.05893909626719057 0.05253940455341506
0 1.1457298195099288e-08 2.1297685943690836e-07 0.05893909626719057 0.05253940455341506
0 1.1457298195099288e-08 1.9708876836995567e-07 0.05893909626719057 0.05253940455341506
0 9.550896813526469e-08 2.189831641646654e-07 0.05893909626719057 0.05253940455341506
0 5.573234731693629e-08 1.714647753674112e-07 0.05893909626719057 0.05253940455341506
0 1.582288109608398e-07 1.7974778762753442e-07 0.05893909626719057 0.05253940455341506
0 1.5939619800009136e-07 1.6473167553919384e-07 0.05893909626719057 0.05253940455341506
0 1.6756790723297362e-07 1.50926771870267e-07 0.05893909626719057 0.05253940455341506
0 1.4130169898940907e-07 1.540752832467713e-07 0.05893909626719057 0.05253940455341506
0 1.208724259002236e-07 1.4196547590034596e-07 0.05893909626719057 0.05253940455341506
0 8.468342786489942e-08 1.4099682440935686e-07 0.05893909626719057 0.05253940455341506
0 1.0219423336991552e-07 1.3058246364193708e-07 0.05893909626719057 0.05253940455341506
0 1.5531034339063003e-07 1.230744075915449e-07 0.05893909626719057 0.05253940455341506
0 1.3021152217235746e-07 1.1580873333510337e-07 0.05893909626719057 0.05253940455341506
0 1.5881250448046558e-07 1.0418333929518765e-07 0.05893909626719057 0.05253940455341506
0 1.8916456734745107e-07 1.0369892598867802e-07 0.05893909626719057 0.05253940455341506
0 2.5730579143006586e-08 1.310668769484467e-07 0.05893909626719057 0.05253940455341506
0 9.387160677242058e-09 1.4656722720882294e-07 0.05893909626719057 0.05253940455341506
0 6.468693093072707e-09 1.5867685943321815e-07 0.05893909626719057 0.05253940455341506
0 4.9078319802401805e-08 1.538330765997384e-07 0.05893909626719057 0.05253940455341506
0 2.6897966168298577e-08 1.0975374209465372e-07 0.05893909626719057 0.05253940455341506
0 7.009108994405266e-08 1.1387108009662107e-07 0.05893909626719057 0.05253940455341506
0 8.234865380035585e-08 1.0418333929518765e-07 0.05893909626719057 0.05253940455341506
0 5.6082642009992075e-08 1.0006600129322029e-07 0.05893909626719057 0.05253940455341506
0 1.208724259002236e-07 1.0030820794025318e-07 0.05893909626719057 0.05253940455341506
0 1.1036594260279778e-07 9.086267379829647e-08 0.05893909626719057 0.05253940455341506
0 7.125847698330424e-08 8.141713964389594e-08 0.05893909626719057 0.05253940455341506
0 2.164472451958566e-08 8.868298903481141e-08 0.05893909626719057 0.05253940455341506
0 3.506967540118084e-08 5.1990694811395625e-08 0.05893909626719057 0.05253940455341506
0 8.05975732414785e-08 6.482694700177718e-08 0.05893909626719057 0.05253940455341506
0 1.1445179721225913e-07 7.596775260070933e-08 0.05893909626719057 0.05253940455341506
0 1.4422016655961884e-07 6.434253368282372e-08 0.05893909626719057 0.05253940455341506
0 1.821602451538204e-07 5.6350239472839704e-08 0.05893909626719057 0.05253940455341506
0 1.9208303493162041e-07 7.160838307373921e-08 0.05893909626719057 0.05253940455341506
0 1.7749069702473325e-07 8.105391722813974e-08 0.05893909626719057 0.05253940455341506
0 1.8916456734745107e-07 9.21947228270719e-08 0.05893909626719057 0.05253940455341506
0 1.3429737678181878e-07 3.745917116403863e-08 0.05893909626719057 0.05253940455341506
0 1.453875535988704e-07 5.126407484540928e-08 0.05893909626719057 0.05253940455341506
0 1.979199700999591e-07 4.3271780622981425e-08 0.05893909626719057 0.05253940455341506
0 2.0434059878792361e-07 2.8740081853594297e-08 0.05893909626719057 0.05253940455341506
0 1.8624609976328172e-07 1.566179813820998e-08 0.05893909626719057 0.05253940455341506
0 2.0083843768412846e-07 4.034794028365151e-10 0.05893909626719057 0.05253940455341506
0 1.576451174551736e-07 1.4450764865714025e-08 0.05893909626719057 0.05253940455341506
0 5.3747867945448514e-08 1.9778961005703376e-08 0.05893909626719057 0.05253940455341506
0 1.2889321767077612e-08 1.9778961005703376e-08 0.05893909626719057 0.05253940455341506
0 6.191957717833077e-08 4.3513987282458146e-08 0.05893909626719057 0.05253940455341506
0 6.892370291876067e-08 3.213079988957531e-08 0.05893909626719057 0.05253940455341506
0 2.13714665586423e-07 1.6727475785290904e-07 0.05893909626719057 0.05253940455341506
0 2.5247183651286074e-07 1.6301223596034606e-07 0.05893909626719057 0.05253940455341506
0 2.5293883061920155e-07 1.4712432002786734e-07 0.05893909626719057 0.05253940455341506
0 2.594761587064914e-07 1.345302744969625e-07 0.05893909626719057 0.05253940455341506
0 2.921629956380205e-07 1.2348614139796353e-07 0.05893909626719057 0.05253940455341506
0 2.417319543888649e-07 1.2174235856276947e-07 0.05893909626719057 0.05253940455341506
0 3.514661390669287e-07 1.4751171056549588e-07 0.05893909626719057 0.05253940455341506
0 4.285136832666642e-07 1.271675774716399e-07 0.05893909626719057 0.05253940455341506
0 4.31782249076729e-07 1.1147335680797545e-07 0.05893909626719057 0.05253940455341506
0 3.7154511744909876e-07 1.1767353193902074e-07 0.05893909626719057 0.05253940455341506
0 3.4959835909476635e-07 1.271675774716399e-07 0.05893909626719057 0.05253940455341506
0 2.627449209837166e-07 1.1263587870225278e-07 0.05893909626719057 0.05253940455341506
0 2.9823332963292917e-07 9.461678938450764e-08 0.05893909626719057 0.05253940455341506
0 3.4259403690113567e-07 1.0004183315890412e-07 0.05893909626719057 0.05253940455341506
0 3.2391584437082755e-07 8.880400479109087e-08 0.05893909626719057 0.05253940455341506
0 3.603382412187622e-07 8.938526573200763e-08 0.05893909626719057 0.05253940455341506
0 4.182405987818488e-07 7.795374209538012e-08 0.05893909626719057 0.05253940455341506
0 3.962938404414759e-07 1.0178561600654202e-07 0.05893909626719057 0.05253940455341506
0 4.004963944642223e-07 1.1825479287993749e-07 0.05893909626719057 0.05253940455341506
0 3.3138716067079903e-07 1.1825479287993749e-07 0.05893909626719057 0.05253940455341506
0 3.211140761999432e-07 1.6514340934561248e-07 0.05893909626719057 0.05253940455341506
0 2.3005808405218752e-07 8.609157046490771e-08 0.05893909626719057 0.05253940455341506
0 2.730178090013716e-07 7.969752493057419e-08 0.05893909626719057 0.05253940455341506
0 4.994906970182903e-07 7.504743736590872e-08 0.05893909626719057 0.05253940455341506
0 5.041602451473774e-07 5.8384565211255165e-08 0.05893909626719057 0.05253940455341506
0 4.53262209791881e-07 6.10971746719123e-08 0.05893909626719057 0.05253940455341506
0 4.812794985943229e-07 5.625321670395861e-08 0.05893909626719057 0.05253940455341506
0 4.854820526170693e-07 4.09467368468706e-08 0.05893909626719057 0.05253940455341506
0 4.420553335615444e-07 3.62966492697613e-08 0.05893909626719057 0.05253940455341506
0 4.051659425933094e-07 4.675934629336957e-08 0.05893909626719057 0.05253940455341506
0 3.766816596845267e-07 5.857843561454339e-08 0.05893909626719057 0.05253940455341506
0 4.0796771076419373e-07 6.884726223486343e-08 0.05893909626719057 0.05253940455341506
0 3.4259403690113567e-07 5.877213088335765e-08 0.05893909626719057 0.05253940455341506
0 3.5987124711242137e-07 4.385304156389817e-08 0.05893909626719057 0.05253940455341506
0 3.033698718683571e-07 5.257195575231237e-08 0.05893909626719057 0.05253940455341506
0 3.150437422050345e-07 7.059122020453147e-08 0.05893909626719057 0.05253940455341506
0 2.5807537285462944e-07 3.881538832713021e-08 0.05893909626719057 0.05253940455341506
0 2.3285985222307187e-07 4.2496649278776454e-08 0.05893909626719057 0.05253940455341506
0 2.748855889595744e-07 2.0215038068468322e-08 0.05893909626719057 0.05253940455341506
0 3.5426790723781306e-07 2.4865125633133793e-08 0.05893909626719057 0.05253940455341506
0 3.2391584437082755e-07 1.556477536932889e-08 0.05893909626719057 0.05253940455341506
0 2.2725631588130317e-07 2.00211676651801e-08 0.05893909626719057 0.05253940455341506
0 2.202519936737129e-07 6.40034794013837e-08 0.05893909626719057 0.05253940455341506
0 4.817464927006637e-07 1.7696123876625447e-08 0.05893909626719057 0.05253940455341506
0 3.5613568719601585e-07 7.911535440784885e-09 0.05893909626719057 0.05253940455341506
0 3.2438283847716836e-07 3.842708817036161e-09 0.05893909626719057 0.05253940455341506
0 4.7240739642852986e-07 5.97405733677655e-09 0.05893909626719057 0.05253940455341506
0 5.137794985926755e-07 9.074057335062212e-09 0.05893909626719057 0.05253940455341506
