0 5.4260382685984336e-08 1.0881370816654717e-08 0.05893909626719057 0.05253940455341506
0 1.7837985824090146e-08 1.3206589727239498e-08 0.05893909626719057 0.05253940455341506
0 1.2234449482321445e-08 3.7232334041689624e-08 0.05893909626719057 0.05253940455341506
0 2.8465606048680573e-07 2.961756106761655e-09 0.05893909626719057 0.05253940455341506
0 1.9850301529470716e-07 1.749363001062274e-08 0.05893909626719057 0.05253940455341506
0 1.8309338857446385e-07 3.6675591479149295e-08 0.05893909626719057 0.05253940455341506
0 2.2634446912951948e-07 3.3500109866520813e-08 0.05893909626719057 0.05253940455341506
0 2.503348424096843e-07 2.9119024062982298e-08 0.05893909626719057 0.05253940455341506
0 2.5523778936534143e-07 1.6040390078650062e-08 0.05893909626719057 0.05253940455341506
0 3.000654907398887e-07 3.725685243250988e-08 0.05893909626719057 0.05253940455341506
0 2.9025940036141403e-07 2.6793980274427645e-08 0.05893909626719057 0.05253940455341506
0 3.126731528220873e-07 2.1562456634371467e-08 0.05893909626719057 0.05253940455341506
0 3.666900486916824e-07 6.398183431597103e-09 0.05893909626719057 0.05253940455341506
