0 3.145470860245434e-07 1.7681430952884568e-07 0.05893909626719057 0.05253940455341506
0 2.6411604476142826e-07 1.835957456008077e-07 0.05893909626719057 0.05253940455341506
0 3.0053844162332247e-07 1.990962709956579e-07 0.05893909626719057 0.05253940455341506
0 5.017956125415231e-07 1.9522113965316725e-07 0.05893909626719057 0.05253940455341506
0 4.317525870025787e-07 1.6635143737076345e-07 0.05893909626719057 0.05253940455341506
0 4.0719639840727134e-07 1.7002411688251162e-07 0.05893909626719057 0.05253940455341506
0 5.022626066478639e-07 1.7371413439608605e-07 0.05893909626719057 0.05253940455341506
0 4.3211329427365973e-07 1.5713602580868154e-07 0.05893909626719057 0.05253940455341506
0 4.6864197797081365e-07 1.3699732178185e-07 0.05893909626719057 0.05253940455341506
0 4.964802883868983e-07 1.3271518517663082e-07 0.05893909626719057 0.05253940455341506
0 4.4249246912657446e-07 1.2711571057712835e-07 0.05893909626719057 0.05253940455341506
0 2.9076260665708144e-07 2.1941588571113743e-07 0.05893909626719057 0.05253940455341506
0 5.046441390729613e-07 2.1347210287063914e-07 0.05893909626719057 0.05253940455341506
0 4.711168306219394e-07 1.1464075436062092e-07 0.05893909626719057 0.05253940455341506
0 4.1760386402873514e-07 9.604005383301112e-08 0.05893909626719057 0.05253940455341506
0 4.487030781612661e-07 1.0231781215475525e-07 0.05893909626719057 0.05253940455341506
0 3.0805631981668747e-07 8.778593825089417e-08 0.05893909626719057 0.05253940455341506
0 1.813716439799362e-07 9.282376662213607e-08 0.05893909626719057 0.05253940455341506
0 2.3133569113671055e-07 9.127367905575628e-08 0.05893909626719057 0.05253940455341506
0 2.887710545934564e-07 9.689259323344097e-08 0.05893909626719057 0.05253940455341506
0 2.5048087777335946e-07 6.821658623229525e-08 0.05893909626719057 0.05253940455341506
0 1.6456123140783088e-07 8.003567555346906e-08 0.05893909626719057 0.05253940455341506
0 1.9117773435841083e-07 6.47290205619071e-08 0.05893909626719057 0.05253940455341506
0 1.925785202102728e-07 8.003567555346906e-08 0.05893909626719057 0.05253940455341506
0 3.560125084286769e-07 5.814127975875933e-08 0.05893909626719057 0.05253940455341506
0 3.924349052766115e-07 6.298523772671303e-08 0.05893909626719057 0.05253940455341506
0 4.531390310105825e-07 6.531028150282384e-08 0.05893909626719057 0.05253940455341506
0 3.424708581337967e-07 7.771063176491441e-08 0.05893909626719057 0.05253940455341506
0 2.88304256954276e-07 7.94544146001085e-08 0.05893909626719057 0.05253940455341506
0 2.3805985615717695e-07 3.4192943500534095e-08 0.05893909626719057 0.05253940455341506
0 2.130311724727554e-07 4.488839008379508e-08 0.05893909626719057 0.05253940455341506
0 1.6297360862279243e-07 5.387858273172238e-08 0.05893909626719057 0.05253940455341506
0 3.321979701161417e-07 4.3648285011262735e-08 0.05893909626719057 0.05253940455341506
0 3.7104846126860765e-07 3.8223066089948466e-08 0.05893909626719057 0.05253940455341506
0 3.964508188333417e-07 3.248786468723055e-08 0.05893909626719057 0.05253940455341506
