0 2.9801038873906717e-08 2.2542167905966986e-07 0.05893909626719057 0.05253940455341506
0 5.445624515913566e-08 2.291418191676806e-07 0.05893909626719057 0.05253940455341506
0 2.0461942601772883e-08 2.120912062064506e-07 0.05893909626719057 0.05253940455341506
0 6.7904575214028e-08 2.089912061957211e-07 0.05893909626719057 0.05253940455341506
0 3.80195064533833e-08 1.9287071583806364e-07 0.05893909626719057 0.05253940455341506
0 8.060575400337481e-08 2.3596195926153316e-07 0.05893909626719057 0.05253940455341506
0 1.0376665772959357e-07 2.241815739746937e-07 0.05893909626719057 0.05253940455341506
0 1.5279671667368635e-07 2.222827998925759e-07 0.05893909626719057 0.05253940455341506
0 1.9528964398369004e-07 2.373957596153236e-07 0.05893909626719057 0.05253940455341506
0 2.1210005655579535e-07 2.2906423597698175e-07 0.05893909626719057 0.05253940455341506
0 1.9482264987734926e-07 2.0620101355680894e-07 0.05893909626719057 0.05253940455341506
0 1.0423365183593435e-07 1.8915057573005292e-07 0.05893909626719057 0.05253940455341506
0 1.3832127463328498e-07 2.0193849166424596e-07 0.05893909626719057 0.05253940455341506
0 1.6820634339392968e-07 1.912817491028755e-07 0.05893909626719057 0.05253940455341506
0 1.7054111745847325e-07 1.8004392073506228e-07 0.05893909626719057 0.05253940455341506
0 1.439246145078933e-07 1.740376160073052e-07 0.05893909626719057 0.05253940455341506
0 1.8921930998878135e-07 1.7035617993362884e-07 0.05893909626719057 0.05253940455341506
0 2.657996636289753e-07 2.1879523422218775e-07 0.05893909626719057 0.05253940455341506
0 2.8447785615928335e-07 2.0794479639200304e-07 0.05893909626719057 0.05253940455341506
0 2.5459278739863864e-07 2.0445723072161487e-07 0.05893909626719057 0.05253940455341506
0 2.4665467344552717e-07 1.9205688045952432e-07 0.05893909626719057 0.05253940455341506
0 2.5505978150497945e-07 1.8256283492690513e-07 0.05893909626719057 0.05253940455341506
0 2.1210005655579535e-07 1.7810644263105393e-07 0.05893909626719057 0.05253940455341506
0 2.886804101820297e-07 2.3623323772104628e-07 0.05893909626719057 0.05253940455341506
0 2.592623355277258e-07 2.3235810637855563e-07 0.05893909626719057 0.05253940455341506
0 3.4368767934820373e-07 2.288705407081675e-07 0.05893909626719057 0.05253940455341506
0 3.0773227659265033e-07 2.288705407081675e-07 0.05893909626719057 0.05253940455341506
0 2.8812009584966064e-07 1.9573814139872672e-07 0.05893909626719057 0.05253940455341506
0 2.9419062629777015e-07 1.7868770357197067e-07 0.05893909626719057 0.05253940455341506
0 2.792479936838676e-07 1.6783744087625993e-07 0.05893909626719057 0.05253940455341506
0 1.302896439730253e-07 1.6124970007311217e-07 0.05893909626719057 0.05253940455341506
0 2.544994671586508e-07 1.651248314156028e-07 0.05893909626719057 0.05253940455341506
0 3.2594347501661765e-07 1.5504952494206686e-07 0.05893909626719057 0.05253940455341506
0 3.28745243187502e-07 1.6803113614507419e-07 0.05893909626719057 0.05253940455341506
0 2.591690153016975e-07 1.5175565454049298e-07 0.05893909626719057 0.05253940455341506
0 2.3021773828657402e-07 1.5698700304607522e-07 0.05893909626719057 0.05253940455341506
0 1.4943483062363376e-07 1.5311187170358457e-07 0.05893909626719057 0.05253940455341506
0 1.8025369112979966e-07 1.4148665278569898e-07 0.05893909626719057 0.05253940455341506
0 2.0285428052364935e-07 1.349763200387761e-07 0.05893909626719057 0.05253940455341506
0 3.365900369006256e-07 1.2428104857754525e-07 0.05893909626719057 0.05253940455341506
0 2.936303119514415e-07 1.1219068080930215e-07 0.05893909626719057 0.05253940455341506
0 2.3647510566785998e-07 1.233511011208905e-07 0.05893909626719057 0.05253940455341506
0 1.961301154892234e-07 1.2536616241559769e-07 0.05893909626719057 0.05253940455341506
0 2.0210712924414424e-07 1.1250066329070579e-07 0.05893909626719057 0.05253940455341506
0 2.431990742351256e-07 1.0831554945436768e-07 0.05893909626719057 0.05253940455341506
0 2.6972225694571767e-07 1.0087544438526402e-07 0.05893909626719057 0.05253940455341506
0 3.1604406441211476e-07 1.3048122372103436e-07 0.05893909626719057 0.05253940455341506
0 3.3883149073914094e-07 1.4396668780873354e-07 0.05893909626719057 0.05253940455341506
0 1.6904681489946305e-07 9.622518168612458e-08 0.05893909626719057 0.05253940455341506
0 2.1866076381638241e-07 8.823288746369673e-08 0.05893909626719057 0.05253940455341506
0 2.4551066559353235e-07 9.38032902631628e-08 0.05893909626719057 0.05253940455341506
0 2.799483866167784e-07 8.556861425922809e-08 0.05893909626719057 0.05253940455341506
0 3.3598296422166225e-07 8.677964753172405e-08 0.05893909626719057 0.05253940455341506
0 3.6516764004939615e-07 9.113919219316813e-08 0.05893909626719057 0.05253940455341506
0 3.435709799349187e-07 1.044598576900593e-07 0.05893909626719057 0.05253940455341506
0 3.9551970291638167e-07 1.0518647765604564e-07 0.05893909626719057 0.05253940455341506
0 3.9668708995563323e-07 8.702185419120077e-08 0.05893909626719057 0.05253940455341506
0 3.7684151038607354e-07 7.636528676430427e-08 0.05893909626719057 0.05253940455341506
0 2.863690152907833e-07 6.861502406687918e-08 0.05893909626719057 0.05253940455341506
0 2.134075221676695e-07 7.467001530732884e-08 0.05893909626719057 0.05253940455341506
0 1.8772500744373072e-07 7.127912213687386e-08 0.05893909626719057 0.05253940455341506
0 1.8480653985956138e-07 5.868507660596903e-08 0.05893909626719057 0.05253940455341506
0 1.346088974230162e-07 8.944374560171872e-08 0.05893909626719057 0.05253940455341506
0 1.2001655950216946e-07 7.10370906118711e-08 0.05893909626719057 0.05253940455341506
0 9.199927069972753e-08 4.827071583854926e-08 0.05893909626719057 0.05253940455341506
0 6.164740429990241e-08 4.2700313026639354e-08 0.05893909626719057 0.05253940455341506
0 3.538119604237826e-08 3.930959499065834e-08 0.05893909626719057 0.05253940455341506
0 3.7147156932407566e-07 1.515101203882302e-07 0.05893909626719057 0.05253940455341506
0 3.878149877898402e-07 1.288407683713456e-07 0.05893909626719057 0.05253940455341506
0 4.1489828837960054e-07 1.1721537433142989e-07 0.05893909626719057 0.05253940455341506
0 3.6913679525953206e-07 1.1508420094616346e-07 0.05893909626719057 0.05253940455341506
0 4.303077186326835e-07 1.0694637257663587e-07 0.05893909626719057 0.05253940455341506
0 4.2563817050359637e-07 1.3194094350410523e-07 0.05893909626719057 0.05253940455341506
0 4.5085369113515394e-07 1.21478071346023e-07 0.05893909626719057 0.05253940455341506
0 4.96148386616042e-07 1.100465477093955e-07 0.05893909626719057 0.05253940455341506
0 4.863422962375673e-07 1.2070311513629198e-07 0.05893909626719057 0.05253940455341506
0 5.143595850400092e-07 1.3988490147034458e-07 0.05893909626719057 0.05253940455341506
0 5.129586027209869e-07 1.4996020795632435e-07 0.05893909626719057 0.05253940455341506
0 4.597257932869874e-07 7.788297502541779e-08 0.05893909626719057 0.05253940455341506
0 4.158320801251217e-07 6.393271233142138e-08 0.05893909626719057 0.05253940455341506
0 4.527214710933567e-07 6.277019043714406e-08 0.05893909626719057 0.05253940455341506
0 4.102287402505134e-07 1.5441660025217556e-07 0.05893909626719057 0.05253940455341506
0 4.82742689167174e-07 2.0109558448567026e-07 0.05893909626719057 0.05253940455341506
0 4.721468149031699e-07 1.9239278238265221e-07 0.05893909626719057 0.05253940455341506
0 4.912920015398188e-07 1.7262955997320893e-07 0.05893909626719057 0.05253940455341506
0 4.219959308132191e-07 5.1047948762821195e-08 0.05893909626719057 0.05253940455341506
0 4.855018247320339e-07 2.566598728527948e-08 0.05893909626719057 0.05253940455341506
0 3.9818119604748306e-07 1.6171941752660313e-08 0.05893909626719057 0.05253940455341506
0 3.253364023236947e-07 3.0316074849944956e-08 0.05893909626719057 0.05253940455341506
0 3.066582097933866e-07 1.7140768378123376e-08 0.05893909626719057 0.05253940455341506
0 4.543090938783952e-07 1.665635505916993e-08 0.05893909626719057 0.05253940455341506
0 4.1228335714189267e-07 7.684391266912155e-10 0.05893909626719057 0.05253940455341506
0 2.9000673632022944e-07 8.272467146401502e-09 0.05893909626719057 0.05253940455341506
0 2.0027667737635279e-07 1.0752677303910017e-08 0.05893909626719057 0.05253940455341506
0 2.2792048877960213e-07 3.1290680813498035e-08 0.05893909626719057 0.05253940455341506
0 1.9392618622223934e-07 3.408069831793623e-08 0.05893909626719057 0.05253940455341506
0 1.2369612728295806e-07 3.098069831965057e-08 0.05893909626719057 0.05253940455341506
0 1.2294917247061332e-07 4.245092599061243e-08 0.05893909626719057 0.05253940455341506
0 7.662716853705588e-08 2.27654618938981e-08 0.05893909626719057 0.05253940455341506
