0 2.7528154784716892e-08 2.380291676609327e-07 0.05893909626719057 0.05253940455341506
0 4.8541121379568546e-08 2.3415403631844205e-07 0.05893909626719057 0.05253940455341506
0 7.655841018201047e-08 2.3003669830403088e-07 0.05893909626719057 0.05253940455341506
0 1.0224092491990884e-07 2.3366962299948861e-07 0.05893909626719057 0.05253940455341506
0 1.3667864594315487e-07 2.360915144224504e-07 0.05893909626719057 0.05253940455341506
0 1.1975153395776456e-07 2.2422391372305796e-07 0.05893909626719057 0.05253940455341506
0 1.425155811114936e-07 2.2252846713160856e-07 0.05893909626719057 0.05253940455341506
0 1.3492756538427753e-07 2.0726997326176112e-07 0.05893909626719057 0.05253940455341506
0 1.897947559638694e-07 2.201065757210906e-07 0.05893909626719057 0.05253940455341506
0 1.9271322354803874e-07 2.0848100654670092e-07 0.05893909626719057 0.05253940455341506
0 2.1606096420743394e-07 2.0848100654670092e-07 0.05893909626719057 0.05253940455341506
0 2.4582933356875323e-07 1.98914106367073e-07 0.05893909626719057 0.05253940455341506
0 2.24816366959942e-07 1.9358573509260967e-07 0.05893909626719057 0.05253940455341506
0 2.026360133258388e-07 1.974608664351003e-07 0.05893909626719057 0.05253940455341506
0 1.6469593474559681e-07 1.9818748640108666e-07 0.05893909626719057 0.05253940455341506
0 1.6177746716142747e-07 2.1489922020290674e-07 0.05893909626719057 0.05253940455341506
0 4.795742785994276e-08 2.221247893741099e-07 0.05893909626719057 0.05253940455341506
