0 3.777662765916199e-07 2.269973217870726e-07 0.05893909626719057 0.05253940455341506
0 3.4507943966009086e-07 2.2157210286575832e-07 0.05893909626719057 0.05253940455341506
0 2.913798325869109e-07 2.2312219043213814e-07 0.05893909626719057 0.05253940455341506
0 3.3060399761968947e-07 1.9580240059408402e-07 0.05893909626719057 0.05253940455341506
0 3.9971323139915315e-07 1.96577531938289e-07 0.05893909626719057 0.05253940455341506
0 4.879674553760244e-07 2.0665283842426873e-07 0.05893909626719057 0.05253940455341506
0 4.3520164004836574e-07 2.0955914315374013e-07 0.05893909626719057 0.05253940455341506
0 3.2873602119432633e-07 2.1091553545130568e-07 0.05893909626719057 0.05253940455341506
0 3.366743316006386e-07 1.8030187519923381e-07 0.05893909626719057 0.05253940455341506
0 3.688941744258269e-07 1.880521378966589e-07 0.05893909626719057 0.05253940455341506
0 4.1232089348135176e-07 1.7739557046976242e-07 0.05893909626719057 0.05253940455341506
0 4.6882246519257636e-07 1.89795920731853e-07 0.05893909626719057 0.05253940455341506
0 5.085134278645354e-07 1.9250853019251014e-07 0.05893909626719057 0.05253940455341506
0 4.7022325105839797e-07 1.706141343978004e-07 0.05893909626719057 0.05253940455341506
0 4.963727598886775e-07 1.6092621846189299e-07 0.05893909626719057 0.05253940455341506
0 4.6321892885080766e-07 1.4426317117276548e-07 0.05893909626719057 0.05253940455341506
0 3.763654907397579e-07 1.4465073684486797e-07 0.05893909626719057 0.05253940455341506
0 3.96444469121928e-07 1.361253428032379e-07 0.05893909626719057 0.05253940455341506
0 3.4834820193731597e-07 1.5123847764801573e-07 0.05893909626719057 0.05253940455341506
0 3.119258050754218e-07 1.5085091197591325e-07 0.05893909626719057 0.05253940455341506
0 3.9877924320043116e-07 1.649950450731979e-07 0.05893909626719057 0.05253940455341506
0 2.5542423336419716e-07 1.8049574560252204e-07 0.05893909626719057 0.05253940455341506
0 2.479529170642257e-07 1.6073252318063492e-07 0.05893909626719057 0.05253940455341506
0 2.0312541215683882e-07 1.7952691897705897e-07 0.05893909626719057 0.05253940455341506
0 1.853812078252527e-07 2.1110923072011994e-07 0.05893909626719057 0.05253940455341506
0 2.334774750238243e-07 2.1595318868807363e-07 0.05893909626719057 0.05253940455341506
0 1.9378631588470497e-07 1.9522113965316725e-07 0.05893909626719057 0.05253940455341506
0 1.5642993081012922e-07 1.8669592073356732e-07 0.05893909626719057 0.05253940455341506
0 1.5456215085192643e-07 1.673202639962265e-07 0.05893909626719057 0.05253940455341506
0 9.021578542757816e-08 1.661577421019492e-07 0.05893909626719057 0.05253940455341506
0 1.1543130605913573e-07 1.636388279101063e-07 0.05893909626719057 0.05253940455341506
0 1.397130349451721e-07 1.543384776463014e-07 0.05893909626719057 0.05253940455341506
0 9.955488169971199e-08 1.3845038657934872e-07 0.05893909626719057 0.05253940455341506
0 1.2243562826672602e-07 1.9037718168521356e-07 0.05893909626719057 0.05253940455341506
0 1.2336961647940758e-07 2.314537140829238e-07 0.05893909626719057 0.05253940455341506
0 1.3270871273758183e-07 2.1207805733313917e-07 0.05893909626719057 0.05253940455341506
0 9.348454771876287e-08 2.103342744979451e-07 0.05893909626719057 0.05253940455341506
0 7.107079525808965e-08 2.1692201530109286e-07 0.05893909626719057 0.05253940455341506
0 4.3987298201168926e-08 2.0878418693156529e-07 0.05893909626719057 0.05253940455341506
0 4.445429230750971e-08 1.96577531938289e-07 0.05893909626719057 0.05253940455341506
0 1.5885802511466062e-07 2.376538892139691e-07 0.05893909626719057 0.05253940455341506
0 2.5944053985524816e-07 2.3767840760478935e-07 0.05893909626719057 0.05253940455341506
0 2.0550714103513707e-07 2.3796895050801075e-07 0.05893909626719057 0.05253940455341506
0 3.0777020586643017e-07 1.981519627610151e-07 0.05893909626719057 0.05253940455341506
0 4.998519347395366e-07 1.352293708247836e-07 0.05893909626719057 0.05253940455341506
0 4.216370035145092e-07 1.1197858273250831e-07 0.05893909626719057 0.05253940455341506
0 4.140489877872931e-07 1.2384618343190076e-07 0.05893909626719057 0.05253940455341506
0 3.3349947895092284e-07 1.3208085943583548e-07 0.05893909626719057 0.05253940455341506
0 2.973104809155986e-07 1.4176877537174286e-07 0.05893909626719057 0.05253940455341506
0 4.6366293670421247e-07 8.21885652153039e-08 0.05893909626719057 0.05253940455341506
0 4.379804219802737e-07 7.346947590485957e-08 0.05893909626719057 0.05253940455341506
0 4.91867651841312e-07 9.456614840642614e-08 0.05893909626719057 0.05253940455341506
