0 1.2536087981699324e-08 4.5188600250698e-08 0.05893909626719057 0.05253940455341506
0 5.246064594738865e-08 6.291819744717784e-08 0.05893909626719057 0.05253940455341506
0 4.26547520360744e-08 4.0828880454779966e-08 0.05893909626719057 0.05253940455341506
0 5.876457522206814e-08 5.1292278003840245e-08 0.05893909626719057 0.05253940455341506
0 2.864610763485344e-08 2.9784397086833068e-08 0.05893909626719057 0.05253940455341506
0 2.3700762007851054e-09 3.0312593240315053e-08 0.05893909626719057 0.05253940455341506
0 2.51439465310583e-08 1.4380018813381833e-08 0.05893909626719057 0.05253940455341506
0 6.156634339295249e-08 1.699578062718801e-08 0.05893909626719057 0.05253940455341506
0 7.27732196232891e-08 3.617861775564053e-08 0.05893909626719057 0.05253940455341506
0 9.798874024088709e-08 4.576986119161475e-08 0.05893909626719057 0.05253940455341506
0 1.2530563612437782e-07 3.617861775564053e-08 0.05893909626719057 0.05253940455341506
0 1.505211567419758e-07 4.5188600250698e-08 0.05893909626719057 0.05253940455341506
0 1.757366773735334e-07 4.547931828839336e-08 0.05893909626719057 0.05253940455341506
0 1.7923883847732853e-07 3.1237637018805744e-08 0.05893909626719057 0.05253940455341506
0 1.456180133331179e-07 2.4261980274607575e-08 0.05893909626719057 0.05253940455341506
0 1.6733156932804072e-07 1.786775961824394e-08 0.05893909626719057 0.05253940455341506
0 1.4351683454834513e-07 5.660579233989587e-09 0.05893909626719057 0.05253940455341506
0 1.1970209976864953e-07 1.641451968627126e-08 0.05893909626719057 0.05253940455341506
0 9.798874024088709e-08 1.0601559970824374e-08 0.05893909626719057 0.05253940455341506
0 2.922651646059146e-07 1.738334629929049e-08 0.05893909626719057 0.05253940455341506
0 2.7592174614015005e-07 2.9493679049137714e-08 0.05893909626719057 0.05253940455341506
0 2.3156103887194363e-07 4.06351851859657e-08 0.05893909626719057 0.05253940455341506
0 2.5841094063513396e-07 1.0601559970824374e-08 0.05893909626719057 0.05253940455341506
0 2.274751842485227e-07 1.035935331134765e-08 0.05893909626719057 0.05253940455341506
0 2.0587852413404525e-07 1.8352172924753557e-08 0.05893909626719057 0.05253940455341506
0 2.274751842485227e-07 2.5133959265663505e-08 0.05893909626719057 0.05253940455341506
0 1.9829050842078876e-07 2.7313819163622527e-08 0.05893909626719057 0.05253940455341506
0 3.4538107815946875e-07 3.093153663928083e-09 0.05893909626719057 0.05253940455341506
0 3.0160426087804843e-07 6.241840174906335e-09 0.05893909626719057 0.05253940455341506
0 3.161965987849356e-07 2.1016446129222193e-08 0.05893909626719057 0.05253940455341506
0 4.4542606833950326e-07 5.030806902410379e-09 0.05893909626719057 0.05253940455341506
