0 1.9306220978153247e-07 1.3944577712497437e-07 0.05893909626719057 0.05253940455341506
0 2.2014551037129283e-07 1.5300899953784635e-07 0.05893909626719057 0.05253940455341506
0 2.2434806440799876e-07 1.3305173159064086e-07 0.05893909626719057 0.05253940455341506
0 2.7291132569895154e-07 1.3305173159064086e-07 0.05893909626719057 0.05253940455341506
0 2.6030366361675293e-07 1.2433246714572257e-07 0.05893909626719057 0.05253940455341506
0 2.33687160666173e-07 1.160009434949369e-07 0.05893909626719057 0.05253940455341506
0 2.341541547725138e-07 1.0670041810910187e-07 0.05893909626719057 0.05253940455341506
0 2.9485828052044435e-07 1.196823795810571e-07 0.05893909626719057 0.05253940455341506
0 2.999946262887119e-07 1.3014542686116947e-07 0.05893909626719057 0.05253940455341506
0 3.1820602117983955e-07 1.2123246714743692e-07 0.05893909626719057 0.05253940455341506
0 3.359502255114257e-07 1.253012937587418e-07 0.05893909626719057 0.05253940455341506
0 3.420205594923748e-07 1.3537695050122564e-07 0.05893909626719057 0.05253940455341506
0 3.0746594260264296e-07 1.0573159148363881e-07 0.05893909626719057 0.05253940455341506
0 3.378180054696284e-07 9.739989271082301e-08 0.05893909626719057 0.05253940455341506
0 3.5462841804173376e-07 1.1096311512369499e-07 0.05893909626719057 0.05253940455341506
0 3.041973767786186e-07 8.306171407577619e-08 0.05893909626719057 0.05253940455341506
0 3.831125044833561e-07 1.1987607484987137e-07 0.05893909626719057 0.05253940455341506
0 3.947863748200335e-07 1.1018798377949002e-07 0.05893909626719057 0.05253940455341506
0 3.7984393867329133e-07 9.526854420352644e-08 0.05893909626719057 0.05253940455341506
0 4.1393156145668237e-07 1.0456906958936149e-07 0.05893909626719057 0.05253940455341506
0 4.3447753395915285e-07 1.1483824647862946e-07 0.05893909626719057 0.05253940455341506
0 4.6996613906156626e-07 1.1057554945159251e-07 0.05893909626719057 0.05253940455341506
0 4.442836243236679e-07 9.681863176990626e-08 0.05893909626719057 0.05253940455341506
0 4.3307674809333124e-07 8.75181063716274e-08 0.05893909626719057 0.05253940455341506
0 4.6436260271979756e-07 8.364297501669293e-08 0.05893909626719057 0.05253940455341506
0 4.2280366362247546e-07 7.250164402678273e-08 0.05893909626719057 0.05253940455341506
0 4.23737651835157e-07 6.436381565725516e-08 0.05893909626719057 0.05253940455341506
0 4.648295968261383e-07 7.114542686369115e-08 0.05893909626719057 0.05253940455341506
0 4.970494396513266e-07 7.172668780460789e-08 0.05893909626719057 0.05253940455341506
0 4.965824455449858e-07 8.315856171018332e-08 0.05893909626719057 0.05253940455341506
0 4.881773374855336e-07 9.594665277885033e-08 0.05893909626719057 0.05253940455341506
0 5.08723309988004e-07 1.1144752844264843e-07 0.05893909626719057 0.05253940455341506
