0 4.082575210443119e-09 2.1813609002003746e-08 0.05893909626719057 0.05253940455341506
0 3.770320390145296e-08 2.4758617753365675e-08 0.05893909626719057 0.05253940455341506
0 4.704230015962721e-08 4.3669300774822954e-08 0.05893909626719057 0.05253940455341506
0 8.02894514374849e-08 4.661430952618488e-08 0.05893909626719057 0.05253940455341506
0 1.1689868523255556e-07 3.901921319771365e-08 0.05893909626719057 0.05253940455341506
0 1.6410276586637782e-08 3.9639178172964755e-08 0.05893909626719057 0.05253940455341506
0 3.546194653009803e-08 6.18048524271876e-08 0.05893909626719057 0.05253940455341506
0 6.908257520714828e-08 6.381991373433862e-08 0.05893909626719057 0.05253940455341506
0 1.1316312531615e-07 1.4528320032906025e-08 0.05893909626719057 0.05253940455341506
0 1.3184131784645808e-07 2.7083836676394286e-08 0.05893909626719057 0.05253940455341506
0 7.020340035300633e-08 3.374898553576694e-08 0.05893909626719057 0.05253940455341506
0 1.9408630801887323e-07 1.5177356808193517e-08 0.05893909626719057 0.05253940455341506
0 1.9044406834245552e-07 1.110806901607724e-09 0.05893909626719057 0.05253940455341506
0 1.3272854771254537e-07 3.900824406045918e-09 0.05893909626719057 0.05253940455341506
0 2.2466253592340608e-07 1.0228845425860611e-08 0.05893909626719057 0.05253940455341506
0 2.519326734463429e-07 1.2243906720567795e-08 0.05893909626719057 0.05253940455341506
0 2.866739308160504e-07 8.058792884229694e-09 0.05893909626719057 0.05253940455341506
