0 1.712417147177892e-07 4.155498902909785e-08 0.05893909626719057 0.05253940455341506
0 1.7404348288867356e-07 3.109176661451153e-08 0.05893909626719057 0.05253940455341506
0 1.7404348288867356e-07 1.2781083599145066e-08 0.05893909626719057 0.05253940455341506
0 1.9995939643918233e-07 2.2081784119454058e-08 0.05893909626719057 0.05253940455341506
0 2.0346155754297748e-07 3.777653018654039e-08 0.05893909626719057 0.05253940455341506
0 2.321792392643706e-07 3.2254288496345026e-08 0.05893909626719057 0.05253940455341506
0 2.3287963219728138e-07 2.0337826149786025e-08 0.05893909626719057 0.05253940455341506
0 2.4758866951745354e-07 1.0455864688560285e-08 0.05893909626719057 0.05253940455341506
0 2.615973139186745e-07 2.150034804406335e-08 0.05893909626719057 0.05253940455341506
0 2.721020290535357e-07 4.6863375386940174e-09 0.05893909626719057 0.05253940455341506
0 2.847116557654593e-07 2.150034804406335e-08 0.05893909626719057 0.05253940455341506
0 3.1763189152355837e-07 4.591470881257206e-08 0.05893909626719057 0.05253940455341506
0 3.512525202145682e-07 4.7367948744544734e-08 0.05893909626719057 0.05253940455341506
0 3.6175900351199406e-07 3.428878938167828e-08 0.05893909626719057 0.05253940455341506
0 3.3934525105132084e-07 3.1963745593123634e-08 0.05893909626719057 0.05253940455341506
0 3.1412973043372284e-07 2.527880688662081e-08 0.05893909626719057 0.05253940455341506
0 3.0362324712233743e-07 1.1327843667172387e-08 0.05893909626719057 0.05253940455341506
0 3.2603699958301065e-07 1.5396845425395073e-08 0.05893909626719057 0.05253940455341506
0 3.74366862061353e-07 8.130645765531673e-09 0.05893909626719057 0.05253940455341506
0 3.722654868094199e-07 2.062854419992521e-08 0.05893909626719057 0.05253940455341506
0 4.49313031023115e-07 4.1845707066793205e-08 0.05893909626719057 0.05253940455341506
0 4.128904376940604e-07 4.09737280881811e-08 0.05893909626719057 0.05253940455341506
0 4.311018325851881e-07 2.7894568712870817e-08 0.05893909626719057 0.05253940455341506
0 4.100888659903364e-07 2.440682790800871e-08 0.05893909626719057 0.05253940455341506
0 4.35304386621894e-07 1.5396845425395073e-08 0.05893909626719057 0.05253940455341506
0 4.058861155004297e-07 8.711906718892252e-09 0.05893909626719057 0.05253940455341506
0 4.6402206834328713e-07 1.0165146650864931e-08 0.05893909626719057 0.05253940455341506
0 5.025458404431548e-07 7.549384824614927e-09 0.05893909626719057 0.05253940455341506
0 4.60519907239492e-07 2.586006783998139e-08 0.05893909626719057 0.05253940455341506
0 5.123517343544691e-07 2.3825566967091965e-08 0.05893909626719057 0.05253940455341506
