0 1.5830365970013975e-07 2.358724811499036e-07 0.05893909626719057 0.05253940455341506
0 1.9145749073800959e-07 2.2773482791484998e-07 0.05893909626719057 0.05253940455341506
0 9.386397403580363e-08 2.3451626398681203e-07 0.05893909626719057 0.05253940455341506
0 4.09151596829123e-07 2.3897265628266323e-07 0.05893909626719057 0.05253940455341506
0 3.2603371863447877e-07 2.378101343883859e-07 0.05893909626719057 0.05253940455341506
0 5.078686891615939e-07 2.2132344436624643e-07 0.05893909626719057 0.05253940455341506
0 4.465077854365384e-07 2.2657230602057265e-07 0.05893909626719057 0.05253940455341506
0 3.741299858190908e-07 2.28509784124581e-07 0.05893909626719057 0.05253940455341506
0 4.577148581200758e-07 1.9925269130454867e-07 0.05893909626719057 0.05253940455341506
0 4.124201626391878e-07 1.932463865767916e-07 0.05893909626719057 0.05253940455341506
0 4.423052313998325e-07 1.8181486294016408e-07 0.05893909626719057 0.05253940455341506
0 4.979590624462261e-07 1.7274831301796798e-07 0.05893909626719057 0.05253940455341506
0 4.679877461377308e-07 1.6437685942886174e-07 0.05893909626719057 0.05253940455341506
0 4.395036596961085e-07 1.6922081739681543e-07 0.05893909626719057 0.05253940455341506
0 3.307032667635659e-07 1.829773848219976e-07 0.05893909626719057 0.05253940455341506
0 2.9661564398017487e-07 1.825898191498951e-07 0.05893909626719057 0.05253940455341506
0 2.9101210763840617e-07 2.0506547589796543e-07 0.05893909626719057 0.05253940455341506
0 2.77470457343526e-07 2.170782604879535e-07 0.05893909626719057 0.05253940455341506
0 2.1256377757284908e-07 1.8026477537378427e-07 0.05893909626719057 0.05253940455341506
0 1.990221272779689e-07 1.6069559848965931e-07 0.05893909626719057 0.05253940455341506
0 1.640005162818963e-07 1.5682046713472488e-07 0.05893909626719057 0.05253940455341506
0 2.0182389544885325e-07 2.133968244018333e-07 0.05893909626719057 0.05253940455341506
0 1.8874904279315348e-07 1.9847773509481764e-07 0.05893909626719057 0.05253940455341506
0 2.475853885689217e-07 1.4926389971855786e-07 0.05893909626719057 0.05253940455341506
0 3.4798047698881123e-07 1.6166424998064844e-07 0.05893909626719057 0.05253940455341506
0 3.787995339621375e-07 1.5100785767578206e-07 0.05893909626719057 0.05253940455341506
0 3.4611269701664887e-07 1.7251451267635918e-07 0.05893909626719057 0.05253940455341506
0 3.3583980901295343e-07 1.4209507309652348e-07 0.05893909626719057 0.05253940455341506
0 4.623844062631225e-07 1.488765091684855e-07 0.05893909626719057 0.05253940455341506
0 3.979447205987864e-07 1.3085724471626642e-07 0.05893909626719057 0.05253940455341506
0 3.1669462236234497e-07 1.252383305385817e-07 0.05893909626719057 0.05253940455341506
0 4.100853885746442e-07 1.0702537081754834e-07 0.05893909626719057 0.05253940455341506
0 3.86270850262109e-07 9.229997676690312e-08 0.05893909626719057 0.05253940455341506
0 3.9000641019247414e-07 7.970593123599828e-08 0.05893909626719057 0.05253940455341506
0 3.507822451596956e-07 8.86187158277007e-08 0.05893909626719057 0.05253940455341506
0 4.9413725498197e-07 1.1128806784458528e-07 0.05893909626719057 0.05253940455341506
0 4.988068031110571e-07 1.3841363701040328e-07 0.05893909626719057 0.05253940455341506
0 4.974058207920347e-07 1.2349454770338763e-07 0.05893909626719057 0.05253940455341506
0 1.873482569412915e-07 1.0566915365445674e-07 0.05893909626719057 0.05253940455341506
0 2.2844020193227282e-07 9.656267379394006e-08 0.05893909626719057 0.05253940455341506
0 3.9981250055698917e-07 6.856512563706613e-08 0.05893909626719057 0.05253940455341506
0 6.34185909288303e-08 1.0518474034794713e-07 0.05893909626719057 0.05253940455341506
0 1.111976972147195e-08 1.2242887344351744e-07 0.05893909626719057 0.05253940455341506
0 2.5595211761873326e-08 1.0440978412577229e-07 0.05893909626719057 0.05253940455341506
0 6.528637088703307e-08 1.1855391722305692e-07 0.05893909626719057 0.05253940455341506
0 8.956809977306945e-08 1.175850906100377e-07 0.05893909626719057 0.05253940455341506
0 3.9137058509954294e-08 1.1409752492720572e-07 0.05893909626719057 0.05253940455341506
0 1.283252706995072e-07 1.0053465278328165e-07 0.05893909626719057 0.05253940455341506
0 1.5354079133106478e-07 9.8209608994727e-08 0.05893909626719057 0.05253940455341506
0 1.470034632298153e-07 1.0944743736254025e-07 0.05893909626719057 0.05253940455341506
0 5.781505458706159e-08 1.4761713963980106e-07 0.05893909626719057 0.05253940455341506
0 3.446751038086717e-08 1.557547928872985e-07 0.05893909626719057 0.05253940455341506
0 1.3921341425195925e-08 1.5633605382821525e-07 0.05893909626719057 0.05253940455341506
0 4.474039839852221e-08 1.638924461223521e-07 0.05893909626719057 0.05253940455341506
0 1.468865673633295e-07 1.7430680688977189e-07 0.05893909626719057 0.05253940455341506
0 1.538908895569602e-07 1.849633743166684e-07 0.05893909626719057 0.05253940455341506
0 1.3054334535076575e-07 2.0104498553040519e-07 0.05893909626719057 0.05253940455341506
0 6.937222551045399e-08 2.0007615890494212e-07 0.05893909626719057 0.05253940455341506
0 4.882625302194313e-08 1.3032449515356828e-07 0.05893909626719057 0.05253940455341506
0 4.0509750074387204e-08 2.1202712213312345e-07 0.05893909626719057 0.05253940455341506
0 1.0251203900590343e-08 1.8962904857575198e-07 0.05893909626719057 0.05253940455341506
