0 1.9088860270942347e-07 1.2782799078275677e-07 0.05893909626719057 0.05253940455341506
0 2.383569720590215e-07 1.3333744788034205e-07 0.05893909626719057 0.05253940455341506
0 2.56451274616503e-07 1.5198736031162247e-07 0.05893909626719057 0.05253940455341506
0 3.3174773827132074e-07 1.522295669710992e-07 0.05893909626719057 0.05253940455341506
0 2.990609013397917e-07 1.4980750041366347e-07 0.05893909626719057 0.05253940455341506
0 2.2300530211807972e-07 1.537952412194533e-07 0.05893909626719057 0.05253940455341506
0 1.1578388758303409e-07 1.670043480474452e-07 0.05893909626719057 0.05253940455341506
0 1.5955834731436822e-07 1.6773096801343153e-07 0.05893909626719057 0.05253940455341506
0 1.7356699171558919e-07 1.6070679989101473e-07 0.05893909626719057 0.05253940455341506
0 2.033353610629489e-07 1.672465547069219e-07 0.05893909626719057 0.05253940455341506
0 2.43610213721694e-07 1.6579331477494923e-07 0.05893909626719057 0.05253940455341506
0 2.3660589151410373e-07 1.7790364752479646e-07 0.05893909626719057 0.05253940455341506
0 2.3310373041030858e-07 1.8734970707017505e-07 0.05893909626719057 0.05253940455341506
0 1.9399626479081504e-07 2.009134548864689e-07 0.05893909626719057 0.05253940455341506
0 1.9924950645348754e-07 1.9243622195410956e-07 0.05893909626719057 0.05253940455341506
0 2.803827088094836e-07 2.0503096802291022e-07 0.05893909626719057 0.05253940455341506
0 2.7337838660189335e-07 1.9606932178404126e-07 0.05893909626719057 0.05253940455341506
0 2.93223966171453e-07 1.9025636206859437e-07 0.05893909626719057 0.05253940455341506
0 2.856359504581965e-07 1.7790364752479646e-07 0.05893909626719057 0.05253940455341506
0 3.037304494688788e-07 1.6845758797941787e-07 0.05893909626719057 0.05253940455341506
0 3.3116404475169496e-07 1.6094900655049147e-07 0.05893909626719057 0.05253940455341506
0 3.4845795437846134e-07 1.707877105681667e-07 0.05893909626719057 0.05253940455341506
0 3.3408251233586433e-07 1.8274778062722412e-07 0.05893909626719057 0.05253940455341506
0 3.6209980113830625e-07 1.805679207292651e-07 0.05893909626719057 0.05253940455341506
0 3.8984557716908494e-07 1.7730995226021755e-07 0.05893909626719057 0.05253940455341506
0 3.977051056679642e-07 1.8734970707017505e-07 0.05893909626719057 0.05253940455341506
0 3.457563826725417e-07 1.9025636206859437e-07 0.05893909626719057 0.05253940455341506
0 3.124858522213869e-07 1.9824918168200026e-07 0.05893909626719057 0.05253940455341506
0 3.749410585142352e-07 1.967959417500276e-07 0.05893909626719057 0.05253940455341506
0 4.000398797325078e-07 2.0575758797645272e-07 0.05893909626719057 0.05253940455341506
