0 2.9579504617348617e-09 1.6482057222527548e-07 0.05893909626719057 0.05253940455341506
0 2.6305494667929288e-08 1.415694338764961e-07 0.05893909626719057 0.05253940455341506
0 2.8056575212847066e-08 1.5392162301687213e-07 0.05893909626719057 0.05253940455341506
0 1.696639839579545e-08 1.1807608885579618e-07 0.05893909626719057 0.05253940455341506
0 1.206869902857502e-09 1.1250551093429997e-07 0.05893909626719057 0.05253940455341506
0 5.5490170495663204e-08 1.1734946890225368e-07 0.05893909626719057 0.05253940455341506
0 6.833142787159218e-08 1.052396615433845e-07 0.05893909626719057 0.05253940455341506
0 8.992808798606961e-08 8.707468780959172e-08 0.05893909626719057 0.05253940455341506
0 1.4048127278786475e-08 1.0063773510043357e-07 0.05893909626719057 0.05253940455341506
0 2.747288169322128e-08 8.85279277415644e-08 0.05893909626719057 0.05253940455341506
0 3.373024908846682e-08 5.177665048214117e-09 0.05893909626719057 0.05253940455341506
0 2.6725926880876552e-08 1.4768733349714376e-08 0.05893909626719057 0.05253940455341506
0 3.513103494032881e-08 5.720183316702031e-08 0.05893909626719057 0.05253940455341506
0 2.5324944561854188e-08 4.5285721089409224e-08 0.05893909626719057 0.05253940455341506
0 1.1316300160633224e-08 5.487678939090948e-08 0.05893909626719057 0.05253940455341506
0 3.65318207921908e-08 3.395086995271489e-08 0.05893909626719057 0.05253940455341506
0 5.054046519341176e-08 2.2034582728186023e-08 0.05893909626719057 0.05253940455341506
0 2.4315912923954974e-07 3.218764752689475e-08 0.05893909626719057 0.05253940455341506
0 2.163092274763594e-07 3.8726876951823887e-08 0.05893909626719057 0.05253940455341506
0 2.2156246912507232e-07 4.914158798819157e-08 0.05893909626719057 0.05253940455341506
0 2.338200329674159e-07 6.294684192606632e-08 0.05893909626719057 0.05253940455341506
0 2.0930490526876912e-07 7.142372458947775e-08 0.05893909626719057 0.05253940455341506
0 2.0113319603588686e-07 5.5923024060153605e-08 0.05893909626719057 0.05253940455341506
0 1.8654085811504011e-07 4.38130415792543e-08 0.05893909626719057 0.05253940455341506
0 1.6669547501264083e-07 4.0422323543273284e-08 0.05893909626719057 0.05253940455341506
0 1.5560529819558922e-07 4.865717468168196e-08 0.05893909626719057 0.05253940455341506
0 1.7720176185686584e-07 5.8829503924098965e-08 0.05893909626719057 0.05253940455341506
0 1.7603437481761428e-07 7.045507309848865e-08 0.05893909626719057 0.05253940455341506
0 1.486009760019585e-07 7.021286643901192e-08 0.05893909626719057 0.05253940455341506
0 1.4509881489816338e-07 5.931391723060858e-08 0.05893909626719057 0.05253940455341506
0 1.2116738071914237e-07 5.8829503924098965e-08 0.05893909626719057 0.05253940455341506
0 1.5167464986486726e-07 8.51562990148177e-08 0.05893909626719057 0.05253940455341506
0 1.2350215478368594e-07 7.408799779394639e-08 0.05893909626719057 0.05253940455341506
0 1.0015441411033113e-07 6.318904858554304e-08 0.05893909626719057 0.05253940455341506
0 9.139901135782308e-08 7.311917116848333e-08 0.05893909626719057 0.05253940455341506
0 7.914144751547948e-08 6.657976662152406e-08 0.05893909626719057 0.05253940455341506
0 5.112415871303755e-08 7.43302044534231e-08 0.05893909626719057 0.05253940455341506
0 6.513280311425852e-08 4.647731478372294e-08 0.05893909626719057 0.05253940455341506
0 7.096973828259721e-08 3.824263877978823e-08 0.05893909626719057 0.05253940455341506
0 6.338172255538116e-08 1.0631955757120945e-08 0.05893909626719057 0.05253940455341506
0 1.1241197796663433e-07 2.5182955219095326e-09 0.05893909626719057 0.05253940455341506
0 8.264360861927462e-08 7.120046830386504e-09 0.05893909626719057 0.05253940455341506
0 1.3284125105581976e-07 4.455773625917869e-09 0.05893909626719057 0.05253940455341506
0 1.9763103493209173e-07 1.5494688964464696e-09 0.05893909626719057 0.05253940455341506
0 2.5658408012114494e-07 9.78414490038118e-09 0.05893909626719057 0.05253940455341506
0 2.857687559628384e-07 3.002708828419149e-09 0.05893909626719057 0.05253940455341506
0 3.126186577260288e-07 9.541938253348288e-09 0.05893909626719057 0.05253940455341506
0 3.0248408013239127e-07 2.10431641662286e-08 0.05893909626719057 0.05253940455341506
0 2.816829013394175e-07 3.061321670416864e-08 0.05893909626719057 0.05253940455341506
0 2.227298561503643e-07 6.635633523876888e-09 0.05893909626719057 0.05253940455341506
0 3.526015653913808e-07 1.2104146025626146e-09 0.05893909626719057 0.05253940455341506
0 3.794514671545712e-07 1.19640047983402e-08 0.05893909626719057 0.05253940455341506
0 4.039665948671775e-07 4.504285004136499e-09 0.05893909626719057 0.05253940455341506
0 4.429571646062257e-07 3.4386107567101353e-09 0.05893909626719057 0.05253940455341506
0 4.677056911314425e-07 1.3097454880137308e-08 0.05893909626719057 0.05253940455341506
0 4.875512707010022e-07 4.378365569692981e-09 0.05893909626719057 0.05253940455341506
0 5.009762215825974e-07 1.3581868199090755e-08 0.05893909626719057 0.05253940455341506
0 5.126500919192748e-07 2.610275677256262e-10 0.05893909626719057 0.05253940455341506
