0 4.96335027082058e-07 2.2831608885576675e-07 0.05893909626719057 0.05253940455341506
0 4.4917274811012763e-07 2.385850906105607e-07 0.05893909626719057 0.05253940455341506
0 4.682244180396283e-07 1.4354813789402218e-07 0.05893909626719057 0.05253940455341506
0 4.738279543953566e-07 1.5323587869545562e-07 0.05893909626719057 0.05253940455341506
0 4.97175498601551e-07 1.7067388219431415e-07 0.05893909626719057 0.05253940455341506
0 5.077988777654626e-07 1.832195914814743e-07 0.05893909626719057 0.05253940455341506
0 4.222481901521551e-07 1.6940085242553746e-07 0.05893909626719057 0.05253940455341506
0 4.6147235517097406e-07 2.2822502055944963e-07 0.05893909626719057 0.05253940455341506
0 3.251104691235827e-07 2.235761589112142e-07 0.05893909626719057 0.05253940455341506
0 3.22506736318582e-07 2.3737020444185684e-07 0.05893909626719057 0.05253940455341506
0 8.409848483702736e-08 2.276050555841985e-07 0.05893909626719057 0.05253940455341506
0 1.3415604870094993e-07 2.2853500304085326e-07 0.05893909626719057 0.05253940455341506
0 2.129778561656996e-07 2.39385265736564e-07 0.05893909626719057 0.05253940455341506
0 2.936676400558124e-07 2.3380505558076984e-07 0.05893909626719057 0.05253940455341506
