0 1.4180006834567035e-07 2.3195593474766784e-07 0.05893909626719057 0.05253940455341506
0 1.5113916460384463e-07 2.1568010287413873e-07 0.05893909626719057 0.05253940455341506
0 1.6701558896326835e-07 2.1916766854452686e-07 0.05893909626719057 0.05253940455341506
0 1.6141205262149964e-07 2.3466854419588114e-07 0.05893909626719057 0.05253940455341506
0 1.9641617836136928e-07 2.2859691547905727e-07 0.05893909626719057 0.05253940455341506
0 2.5200124711611536e-07 2.0521705558158253e-07 0.05893909626719057 0.05253940455341506
0 2.3145527462760447e-07 2.1916766854452686e-07 0.05893909626719057 0.05253940455341506
0 2.781507559603545e-07 2.276932377206309e-07 0.05893909626719057 0.05253940455341506
0 2.1931441018458627e-07 2.3583106609015847e-07 0.05893909626719057 0.05253940455341506
0 2.2305016656815222e-07 1.8894104857357946e-07 0.05893909626719057 0.05253940455341506
