0 5.90108699107068e-08 2.0297166854901974e-07 0.05893909626719057 0.05253940455341506
0 2.6791027085518538e-08 2.006466247604651e-07 0.05893909626719057 0.05253940455341506
0 1.418316853615956e-08 1.5501562651606643e-07 0.05893909626719057 0.05253940455341506
0 1.7451930827344282e-08 1.8175468080418187e-07 0.05893909626719057 0.05253940455341506
0 2.6324032979177748e-08 1.6954767555440148e-07 0.05893909626719057 0.05253940455341506
0 4.967177365253255e-08 1.7768567905840302e-07 0.05893909626719057 0.05253940455341506
0 7.582108602961133e-08 1.8078602931319278e-07 0.05893909626719057 0.05253940455341506
0 7.582108602961133e-08 1.7303541635926359e-07 0.05893909626719057 0.05253940455341506
0 5.294033946259731e-08 1.579221063800118e-07 0.05893909626719057 0.05253940455341506
0 1.2363719604105903e-07 1.7904207135596858e-07 0.05893909626719057 0.05253940455341506
0 1.6286136107383756e-07 1.7923594175925678e-07 0.05893909626719057 0.05253940455341506
0 1.7687000547505852e-07 1.6528497852736453e-07 0.05893909626719057 0.05253940455341506
0 1.7967177364594287e-07 1.5637201881363198e-07 0.05893909626719057 0.05253940455341506
0 1.7220045734597139e-07 1.4610249166785994e-07 0.05893909626719057 0.05253940455341506
0 1.9648218621804818e-07 1.354455739720155e-07 0.05893909626719057 0.05253940455341506
0 1.904116557699387e-07 1.1897587169519818e-07 0.05893909626719057 0.05253940455341506
0 1.894778640244175e-07 1.0250616941838083e-07 0.05893909626719057 0.05253940455341506
0 1.483859190334362e-07 1.0618760550450104e-07 0.05893909626719057 0.05253940455341506
0 1.6426234339285993e-07 1.2246361250006027e-07 0.05893909626719057 0.05253940455341506
0 1.357780604840772e-07 1.2265730778131837e-07 0.05893909626719057 0.05253940455341506
0 1.292407323967873e-07 1.3583313965656184e-07 0.05893909626719057 0.05253940455341506
0 1.5585703888020688e-07 1.414522289687205e-07 0.05893909626719057 0.05253940455341506
0 1.4651794260807303e-07 1.5482175611277822e-07 0.05893909626719057 0.05253940455341506
0 1.301745241423085e-07 1.6334732528888223e-07 0.05893909626719057 0.05253940455341506
0 1.0355821765888894e-07 1.6334732528888223e-07 0.05893909626719057 0.05253940455341506
0 8.30122451564185e-08 1.5114032003910183e-07 0.05893909626719057 0.05253940455341506
0 1.1476509388922555e-07 1.4610249166785994e-07 0.05893909626719057 0.05253940455341506
0 9.42191213867551e-08 1.3718953194168355e-07 0.05893909626719057 0.05253940455341506
0 6.99375889678791e-08 1.296327893910426e-07 0.05893909626719057 0.05253940455341506
0 6.059849270970485e-08 1.4222736031292547e-07 0.05893909626719057 0.05253940455341506
0 3.584976971732768e-08 1.4455240410148012e-07 0.05893909626719057 0.05253940455341506
0 2.2775113528788296e-08 1.2982648465985685e-07 0.05893909626719057 0.05253940455341506
0 2.8845447523696994e-08 1.1103156347245473e-07 0.05893909626719057 0.05253940455341506
0 1.0075644948800459e-07 1.1946028501415163e-07 0.05893909626719057 0.05253940455341506
0 7.227236304638225e-08 1.196539802829659e-07 0.05893909626719057 0.05253940455341506
0 5.8263718645161287e-08 1.1132228151015009e-07 0.05893909626719057 0.05253940455341506
0 9.795468131712024e-08 1.0570319218554758e-07 0.05893909626719057 0.05253940455341506
0 1.1102953395886042e-07 1.0008410287338892e-07 0.05893909626719057 0.05253940455341506
0 1.3391028052587442e-07 9.213979463820164e-08 0.05893909626719057 0.05253940455341506
0 1.7500222551685574e-07 9.213979463820164e-08 0.05893909626719057 0.05253940455341506
0 1.4418316854352946e-07 7.392630952619023e-08 0.05893909626719057 0.05253940455341506
0 1.0542599761709172e-07 7.2957482913171e-08 0.05893909626719057 0.05253940455341506
0 1.0962855163983806e-07 8.438935681874642e-08 0.05893909626719057 0.05253940455341506
0 8.207825694373692e-08 8.380809586538584e-08 0.05893909626719057 0.05253940455341506
0 7.647491706912859e-08 9.659636206852681e-08 0.05893909626719057 0.05253940455341506
0 4.518886598946152e-08 9.737149341273178e-08 0.05893909626719057 0.05253940455341506
0 5.77967245388205e-08 8.167674735808929e-08 0.05893909626719057 0.05253940455341506
0 1.7670201947797466e-08 8.236921671140123e-08 0.05893909626719057 0.05253940455341506
0 1.6799790330926548e-07 6.501317467798372e-08 0.05893909626719057 0.05253940455341506
0 1.2597197011956218e-07 6.249426048614084e-08 0.05893909626719057 0.05253940455341506
0 1.1429809978288477e-07 5.222490847484275e-08 0.05893909626719057 0.05253940455341506
0 9.93556636361426e-08 5.939408536582506e-08 0.05893909626719057 0.05253940455341506
0 8.366411156621075e-08 5.128357747648193e-08 0.05893909626719057 0.05253940455341506
0 6.246627266790763e-08 6.443191373706698e-08 0.05893909626719057 0.05253940455341506
0 4.6418709781253026e-07 6.710372577507436e-09 0.05893909626719057 0.05253940455341506
0 4.29231105675418e-07 4.7077456064624245e-09 0.05893909626719057 0.05253940455341506
0 4.5438100744801523e-07 1.7754680810980376e-08 0.05893909626719057 0.05253940455341506
0 4.0955330607346797e-07 1.3104418111840942e-08 0.05893909626719057 0.05253940455341506
0 3.857387677609328e-07 1.9207920742953053e-08 0.05893909626719057 0.05253940455341506
0 3.9974741216215376e-07 2.7636642284649945e-08 0.05893909626719057 0.05253940455341506
0 4.31967254987342e-07 2.5602141399316688e-08 0.05893909626719057 0.05253940455341506
0 4.501784534113093e-07 3.257744788701077e-08 0.05893909626719057 0.05253940455341506
0 4.894026184440878e-07 2.2114400594454582e-08 0.05893909626719057 0.05253940455341506
0 4.837990821023191e-07 3.2286904971345546e-08 0.05893909626719057 0.05253940455341506
0 5.055124416300815e-07 3.897166854337441e-08 0.05893909626719057 0.05253940455341506
0 4.900558600960836e-07 5.240651968894276e-08 0.05893909626719057 0.05253940455341506
0 4.683896518492362e-07 4.449391023356977e-08 0.05893909626719057 0.05253940455341506
0 4.480770781733357e-07 6.222298203907157e-08 0.05893909626719057 0.05253940455341506
0 4.459757029214026e-07 4.94347158359306e-08 0.05893909626719057 0.05253940455341506
0 4.31967254987342e-07 4.0424908475347085e-08 0.05893909626719057 0.05253940455341506
0 4.17958610586121e-07 5.117867380559863e-08 0.05893909626719057 0.05253940455341506
0 4.025489838658777e-07 4.129671233192906e-08 0.05893909626719057 0.05253940455341506
0 3.6962874810777866e-07 4.449391023356977e-08 0.05893909626719057 0.05253940455341506
0 3.379147991887063e-07 4.94347158359306e-08 0.05893909626719057 0.05253940455341506
0 3.983464298431314e-07 6.309496101768367e-08 0.05893909626719057 0.05253940455341506
0 4.1865900351903183e-07 6.542017992826845e-08 0.05893909626719057 0.05253940455341506
0 4.2846509388354686e-07 7.748182616542308e-08 0.05893909626719057 0.05253940455341506
0 4.025489838658777e-07 7.631912914911563e-08 0.05893909626719057 0.05253940455341506
