0 4.447349642103287e-07 9.243692948654862e-08 0.05893909626719057 0.05253940455341506
0 5.124434121518899e-07 8.63821133681291e-08 0.05893909626719057 0.05253940455341506
0 4.867608974139916e-07 7.7420992532682e-08 0.05893909626719057 0.05253940455341506
0 4.167176754078868e-07 6.385812037631411e-08 0.05893909626719057 0.05253940455341506
0 4.336447873932771e-07 8.008509060267667e-08 0.05893909626719057 0.05253940455341506
0 5.031043158797561e-07 5.1021868185932556e-08 0.05893909626719057 0.05253940455341506
0 4.085459661750045e-07 3.624813789154267e-08 0.05893909626719057 0.05253940455341506
0 4.394817225616158e-07 4.448263877344725e-08 0.05893909626719057 0.05253940455341506
0 4.032927245262916e-07 5.005321669494346e-08 0.05893909626719057 0.05253940455341506
0 4.739196400520222e-07 1.9778961005703376e-08 0.05893909626719057 0.05253940455341506
0 4.4823712531412386e-07 2.389629900767073e-08 0.05893909626719057 0.05253940455341506
0 4.6282946323497057e-07 3.52793112660796e-08 0.05893909626719057 0.05253940455341506
0 3.7527543572384965e-07 1.3724144899727685e-08 0.05893909626719057 0.05253940455341506
0 4.832587363101964e-07 7.911535440784885e-09 0.05893909626719057 0.05253940455341506
