0 1.3985073631261672e-07 2.2104792073120483e-07 0.05893909626719057 0.05253940455341506
0 1.3424719997084802e-07 2.3189835856138957e-07 0.05893909626719057 0.05253940455341506
0 2.0055466557942733e-07 2.1794792073291917e-07 0.05893909626719057 0.05253940455341506
0 2.145633099806483e-07 2.2298557396968712e-07 0.05893909626719057 0.05253940455341506
0 2.3977883061220586e-07 2.3267348990559454e-07 0.05893909626719057 0.05253940455341506
0 3.378393414207526e-07 2.0399730776997484e-07 0.05893909626719057 0.05253940455341506
0 3.18227160677763e-07 2.0050956696511273e-07 0.05893909626719057 0.05253940455341506
0 3.4727313317507773e-07 1.8518487344627253e-07 0.05893909626719057 0.05253940455341506
0 3.1262382078919504e-07 1.8810921670302218e-07 0.05893909626719057 0.05253940455341506
0 2.7620122747410007e-07 1.702834723975872e-07 0.05893909626719057 0.05253940455341506
0 2.491179268843397e-07 1.7880886643921728e-07 0.05893909626719057 0.05253940455341506
0 2.612587913273579e-07 1.90434260479133e-07 0.05893909626719057 0.05253940455341506
0 2.2950594259455084e-07 2.0244722020359503e-07 0.05893909626719057 0.05253940455341506
0 2.6032480311467635e-07 2.086473953346403e-07 0.05893909626719057 0.05253940455341506
0 2.1269553002244553e-07 1.884966072406507e-07 0.05893909626719057 0.05253940455341506
0 1.8561222943268517e-07 1.7958382266139212e-07 0.05893909626719057 0.05253940455341506
0 2.0709199368067683e-07 1.7454616941218032e-07 0.05893909626719057 0.05253940455341506
0 2.0709199368067683e-07 1.6679573159272508e-07 0.05893909626719057 0.05253940455341506
0 2.024224455515897e-07 1.55557903212468e-07 0.05893909626719057 0.05253940455341506
0 1.8281046126180082e-07 1.5090764052577242e-07 0.05893909626719057 0.05253940455341506
0 1.6973580507326143e-07 1.625332097001621e-07 0.05893909626719057 0.05253940455341506
0 1.6786782864789827e-07 1.3695720269730205e-07 0.05893909626719057 0.05253940455341506
0 2.145633099806483e-07 1.4160729026196752e-07 0.05893909626719057 0.05253940455341506
0 2.267041744236665e-07 1.5284529376425471e-07 0.05893909626719057 0.05253940455341506
0 2.5565525497162963e-07 1.5749538132892018e-07 0.05893909626719057 0.05253940455341506
0 2.6966389937285057e-07 1.493575529593926e-07 0.05893909626719057 0.05253940455341506
0 1.5199140428847455e-07 1.7997138833349457e-07 0.05893909626719057 0.05253940455341506
0 1.5572716067204047e-07 1.9237173859558515e-07 0.05893909626719057 0.05253940455341506
0 1.8467824122000358e-07 1.9082182616367931e-07 0.05893909626719057 0.05253940455341506
0 1.8467824122000358e-07 2.0050956696511273e-07 0.05893909626719057 0.05253940455341506
0 1.1370122746837757e-07 2.0593478587398316e-07 0.05893909626719057 0.05253940455341506
0 9.31552549798667e-08 2.1446017992805707e-07 0.05893909626719057 0.05253940455341506
0 7.074150251919348e-08 2.2104792073120483e-07 0.05893909626719057 0.05253940455341506
0 7.54110506482806e-08 2.0167226399386403e-07 0.05893909626719057 0.05253940455341506
0 1.0971364997904073e-08 2.0438487344207732e-07 0.05893909626719057 0.05253940455341506
0 1.230403237405114e-07 1.900466948070305e-07 0.05893909626719057 0.05253940455341506
0 8.661792687861722e-08 1.7222095050159554e-07 0.05893909626719057 0.05253940455341506
0 1.2397431195319297e-07 1.5284529376425471e-07 0.05893909626719057 0.05253940455341506
0 7.914661057864574e-08 1.5788294700102266e-07 0.05893909626719057 0.05253940455341506
0 4.7393761859798264e-08 1.6757086293693005e-07 0.05893909626719057 0.05253940455341506
0 5.7666649863493716e-08 1.791962569768458e-07 0.05893909626719057 0.05253940455341506
0 3.8054665587664426e-08 1.8035877887112312e-07 0.05893909626719057 0.05253940455341506
0 1.7508693085193975e-08 1.5652672983793108e-07 0.05893909626719057 0.05253940455341506
0 6.3018168688169456e-09 1.7047716766640147e-07 0.05893909626719057 0.05253940455341506
0 2.566060471291436e-09 1.3598837607183898e-07 0.05893909626719057 0.05253940455341506
0 1.56409131269912e-08 1.1583758797784936e-07 0.05893909626719057 0.05253940455341506
0 2.8715569315530588e-08 1.2978802580631973e-07 0.05893909626719057 0.05253940455341506
0 4.9261541818001036e-08 1.4025107309887593e-07 0.05893909626719057 0.05253940455341506
0 4.8327553605319464e-08 1.1428750041146954e-07 0.05893909626719057 0.05253940455341506
0 4.9261541818001036e-08 1.2436298203192324e-07 0.05893909626719057 0.05253940455341506
0 6.42039779647432e-08 9.801184367241438e-08 0.05893909626719057 0.05253940455341506
0 2.8922445550075758e-08 9.871902406021848e-08 0.05893909626719057 0.05253940455341506
0 8.28821704950513e-08 1.1312497852963605e-07 0.05893909626719057 0.05253940455341506
0 1.0342814299752175e-07 1.2242532878099713e-07 0.05893909626719057 0.05253940455341506
0 7.914661057864574e-08 1.3095072283507103e-07 0.05893909626719057 0.05253940455341506
0 9.969258306715661e-08 1.4141359498070942e-07 0.05893909626719057 0.05253940455341506
0 1.2677588365691695e-07 1.3366333228328433e-07 0.05893909626719057 0.05253940455341506
0 1.2677588365691695e-07 1.185501974385065e-07 0.05893909626719057 0.05253940455341506
0 1.118334475101748e-07 1.0653723771404446e-07 0.05893909626719057 0.05253940455341506
0 1.1126664987319004e-07 8.437944437426765e-08 0.05893909626719057 0.05253940455341506
0 1.305116400404829e-07 9.258662476354395e-08 0.05893909626719057 0.05253940455341506
0 1.5292539250115612e-07 1.0343706258128483e-07 0.05893909626719057 0.05253940455341506
0 1.7720692492003212e-07 1.2397541634737694e-07 0.05893909626719057 0.05253940455341506
0 1.8094268130359804e-07 1.0343706258128483e-07 0.05893909626719057 0.05253940455341506
0 1.6880181686057986e-07 8.251131827756419e-08 0.05893909626719057 0.05253940455341506
0 2.323077107654352e-07 8.367384017184152e-08 0.05893909626719057 0.05253940455341506
