0 1.5514853199596035e-07 2.3761931827357967e-07 0.05893909626719057 0.05253940455341506
0 2.174870388615641e-07 2.384912972646356e-07 0.05893909626719057 0.05253940455341506
0 2.6091375793104855e-07 2.3645679637930235e-07 0.05893909626719057 0.05253940455341506
0 2.4270255949312166e-07 2.2454050916721732e-07 0.05893909626719057 0.05253940455341506
0 1.9997623337050758e-07 2.210527683623552e-07 0.05893909626719057 0.05253940455341506
0 1.9787485811857443e-07 2.1146152492638097e-07 0.05893909626719057 0.05253940455341506
0 2.3639863021844218e-07 2.1088026398546422e-07 0.05893909626719057 0.05253940455341506
0 2.9313360075623685e-07 2.2424979112952195e-07 0.05893909626719057 0.05253940455341506
0 3.3025639053708223e-07 2.344222955064129e-07 0.05893909626719057 0.05253940455341506
0 3.2955599760417143e-07 2.2395924822630055e-07 0.05893909626719057 0.05253940455341506
0 3.666787873989764e-07 2.3413175260319153e-07 0.05893909626719057 0.05253940455341506
0 3.490280997745385e-07 2.133508419211186e-07 0.05893909626719057 0.05253940455341506
0 3.826487284515888e-07 2.0550338132033845e-07 0.05893909626719057 0.05253940455341506
0 3.9455599761483617e-07 1.9562159498114284e-07 0.05893909626719057 0.05253940455341506
0 4.232736793362293e-07 1.9009935330339132e-07 0.05893909626719057 0.05253940455341506
0 4.547931292424664e-07 1.8254278587478049e-07 0.05893909626719057 0.05253940455341506
0 4.849117932828819e-07 1.7585802230275164e-07 0.05893909626719057 0.05253940455341506
0 4.856121862157927e-07 1.9068061424430806e-07 0.05893909626719057 0.05253940455341506
0 5.138538365089827e-07 1.9330793473429426e-07 0.05893909626719057 0.05253940455341506
0 4.372823237374503e-07 1.7556730426505627e-07 0.05893909626719057 0.05253940455341506
0 4.0156031980846685e-07 1.7556730426505627e-07 0.05893909626719057 0.05253940455341506
0 4.169699465287102e-07 1.6248849515869391e-07 0.05893909626719057 0.05253940455341506
0 3.8825226480731706e-07 1.6888254069302742e-07 0.05893909626719057 0.05253940455341506
0 3.7984696028070443e-07 1.8515854770103048e-07 0.05893909626719057 0.05253940455341506
0 3.5463143964914686e-07 1.8138008885847303e-07 0.05893909626719057 0.05253940455341506
0 3.4482534928463183e-07 1.9387781214594877e-07 0.05893909626719057 0.05253940455341506
0 3.273145437796157e-07 2.0346888044744904e-07 0.05893909626719057 0.05253940455341506
0 2.852888070431132e-07 1.9068061424430806e-07 0.05893909626719057 0.05253940455341506
0 2.565711253077605e-07 1.9271511512964131e-07 0.05893909626719057 0.05253940455341506
0 2.2084912137877708e-07 1.9678411687542017e-07 0.05893909626719057 0.05253940455341506
0 1.9213143965738396e-07 1.88936831409114e-07 0.05893909626719057 0.05253940455341506
0 1.5570884632832938e-07 1.7963630602327896e-07 0.05893909626719057 0.05253940455341506
0 1.65514936706804e-07 1.703357806250001e-07 0.05893909626719057 0.05253940455341506
0 1.8722829623456645e-07 1.6713875785783335e-07 0.05893909626719057 0.05253940455341506
0 1.949330113611079e-07 1.776018051379457e-07 0.05893909626719057 0.05253940455341506
0 2.1804735320789273e-07 1.837053077690578e-07 0.05893909626719057 0.05253940455341506
0 2.901917539987703e-07 1.7440478237077894e-07 0.05893909626719057 0.05253940455341506
0 3.11204720593622e-07 1.6742930076105472e-07 0.05893909626719057 0.05253940455341506
0 2.621744651963284e-07 1.619070590833032e-07 0.05893909626719057 0.05253940455341506
0 2.544697500697869e-07 1.7847378412900163e-07 0.05893909626719057 0.05253940455341506
0 2.257520683344342e-07 1.651042569849439e-07 0.05893909626719057 0.05253940455341506
0 2.313556046901625e-07 1.5086275084983026e-07 0.05893909626719057 0.05253940455341506
0 3.455259386707434e-07 1.590007543538318e-07 0.05893909626719057 0.05253940455341506
0 3.58133600752942e-07 1.4388726924010604e-07 0.05893909626719057 0.05253940455341506
0 3.336184730542952e-07 1.4621248815069082e-07 0.05893909626719057 0.05253940455341506
0 3.1050432767467075e-07 1.4999077187121815e-07 0.05893909626719057 0.05253940455341506
0 2.8248703887222883e-07 1.4388726924010604e-07 0.05893909626719057 0.05253940455341506
0 2.8318743179118005e-07 1.3516817991721788e-07 0.05893909626719057 0.05253940455341506
0 3.322176872024332e-07 1.2877395926085425e-07 0.05893909626719057 0.05253940455341506
0 2.9929745144433417e-07 1.2615819743460425e-07 0.05893909626719057 0.05253940455341506
0 2.544697500697869e-07 1.2296117466743749e-07 0.05893909626719057 0.05253940455341506
0 2.432628738394503e-07 1.3545872283288312e-07 0.05893909626719057 0.05253940455341506
0 2.2224990724459866e-07 1.3894646363774523e-07 0.05893909626719057 0.05253940455341506
0 1.8512711744979367e-07 1.2586765453138285e-07 0.05893909626719057 0.05253940455341506
0 1.8512711744979367e-07 1.392370065409666e-07 0.05893909626719057 0.05253940455341506
0 1.3959902315629522e-07 1.4446870531549675e-07 0.05893909626719057 0.05253940455341506
0 1.0948055556908053e-07 1.3168043911235577e-07 0.05893909626719057 0.05253940455341506
0 1.2488998582216348e-07 1.2499567554032692e-07 0.05893909626719057 0.05253940455341506
0 1.5010550645372105e-07 1.1976415190027075e-07 0.05893909626719057 0.05253940455341506
0 3.0490079131894247e-07 1.0232562301043417e-07 0.05893909626719057 0.05253940455341506
0 2.789848777684337e-07 1.0145364401937824e-07 0.05893909626719057 0.05253940455341506
0 2.9509470095442744e-07 1.1540443211679654e-07 0.05893909626719057 0.05253940455341506
0 2.7057976970898144e-07 1.1278867029054653e-07 0.05893909626719057 0.05253940455341506
0 2.3976071273565517e-07 8.285259323526434e-08 0.05893909626719057 0.05253940455341506
0 2.3485776577999804e-07 9.389707659076741e-08 0.05893909626719057 0.05253940455341506
0 2.1104303101426202e-07 1.0930092948568442e-07 0.05893909626719057 0.05253940455341506
0 2.2645246126734499e-07 1.2034541285363133e-07 0.05893909626719057 0.05253940455341506
0 1.7532102708527862e-07 1.1220740934962978e-07 0.05893909626719057 0.05253940455341506
0 1.8442672453084248e-07 9.709409935793416e-08 0.05893909626719057 0.05253940455341506
0 1.5710982864735175e-07 1.0610390671851767e-07 0.05893909626719057 0.05253940455341506
0 1.0737918031714738e-07 1.1336993123146328e-07 0.05893909626719057 0.05253940455341506
0 1.2138782471836835e-07 9.680338132023881e-08 0.05893909626719057 0.05253940455341506
0 1.6131238268405766e-07 8.692159498104319e-08 0.05893909626719057 0.05253940455341506
0 1.998361547839254e-07 8.139935330329166e-08 0.05893909626719057 0.05253940455341506
0 1.9773477953199229e-07 6.396099953548521e-08 0.05893909626719057 0.05253940455341506
0 1.6761631195873716e-07 7.238954594270816e-08 0.05893909626719057 0.05253940455341506
0 1.360968620525001e-07 8.081809236237491e-08 0.05893909626719057 0.05253940455341506
0 1.1858605654748399e-07 7.006450216659733e-08 0.05893909626719057 0.05253940455341506
0 1.4660334534992592e-07 6.367028149778987e-08 0.05893909626719057 0.05253940455341506
0 1.7111847304857271e-07 5.960127975201101e-08 0.05893909626719057 0.05253940455341506
0 1.0948055556908053e-07 5.3497952255372855e-08 0.05893909626719057 0.05253940455341506
0 1.543080604764674e-07 4.710373158656539e-08 0.05893909626719057 0.05253940455341506
0 4.883671960400827e-07 1.6268219042750817e-07 0.05893909626719057 0.05253940455341506
0 4.2532829624156816e-07 1.4437168254661567e-07 0.05893909626719057 0.05253940455341506
0 3.854037382758788e-07 1.312928734402533e-07 0.05893909626719057 0.05253940455341506
0 4.099188659745256e-07 1.1181984366508347e-07 0.05893909626719057 0.05253940455341506
0 4.4283910173262467e-07 1.1443560549133347e-07 0.05893909626719057 0.05253940455341506
0 4.715567834679774e-07 1.2373613088961233e-07 0.05893909626719057 0.05253940455341506
0 4.841646420173363e-07 1.1181984366508347e-07 0.05893909626719057 0.05253940455341506
0 4.6245128248957393e-07 1.4291861774911694e-07 0.05893909626719057 0.05253940455341506
0 4.883671960400827e-07 1.452436615376716e-07 0.05893909626719057 0.05253940455341506
0 5.072787873969607e-07 1.4030285593531076e-07 0.05893909626719057 0.05253940455341506
0 4.897679818919447e-07 9.40907718720255e-08 0.05893909626719057 0.05253940455341506
0 4.897679818919447e-07 8.304646363855257e-08 0.05893909626719057 0.05253940455341506
0 4.5474637089587205e-07 7.92680047959951e-08 0.05893909626719057 0.05253940455341506
0 4.519447991781885e-07 9.815977361780435e-08 0.05893909626719057 0.05253940455341506
0 4.118605162728287e-07 8.186835504985712e-08 0.05893909626719057 0.05253940455341506
0 4.054874318001e-07 9.315994875544479e-08 0.05893909626719057 0.05253940455341506
0 4.78561105661608e-07 6.691581565561907e-08 0.05893909626719057 0.05253940455341506
