0 3.1282343964632997e-07 2.2801117117524768e-07 0.05893909626719057 0.05253940455341506
0 2.429670545873612e-07 2.3746651268597632e-07 0.05893909626719057 0.05253940455341506
0 2.567888620554057e-07 2.2615110112746424e-07 0.05893909626719057 0.05253940455341506
0 2.836855221651904e-07 2.1809085593619168e-07 0.05893909626719057 0.05253940455341506
0 3.37104972065206e-07 2.1096073334849166e-07 0.05893909626719057 0.05253940455341506
0 2.485705909291299e-07 2.0445040060156876e-07 0.05893909626719057 0.05253940455341506
0 1.891739308070331e-07 2.1359575961844994e-07 0.05893909626719057 0.05253940455341506
0 1.6489239840211667e-07 2.0011029551830692e-07 0.05893909626719057 0.05253940455341506
0 2.0224858699557246e-07 1.976302604952724e-07 0.05893909626719057 0.05253940455341506
0 2.2989239839882183e-07 1.9515022547223783e-07 0.05893909626719057 0.05253940455341506
0 1.4733483455050624e-07 2.286311361504988e-07 0.05893909626719057 0.05253940455341506
0 3.9276607227089726e-07 1.9732027800142492e-07 0.05893909626719057 0.05253940455341506
0 3.565303158750192e-07 1.9716528676694501e-07 0.05893909626719057 0.05253940455341506
0 3.1543837088403785e-07 2.0228034805993785e-07 0.05893909626719057 0.05253940455341506
0 2.892888620537583e-07 1.9902535681472845e-07 0.05893909626719057 0.05253940455341506
0 3.412142058619241e-07 1.7476703807509958e-07 0.05893909626719057 0.05253940455341506
0 3.094613571430766e-07 1.6934181916622914e-07 0.05893909626719057 0.05253940455341506
0 2.8480615085784763e-07 1.6097159149355294e-07 0.05893909626719057 0.05253940455341506
0 3.37104972065206e-07 1.5895653019884575e-07 0.05893909626719057 0.05253940455341506
0 3.3336941214880046e-07 1.4423113614820054e-07 0.05893909626719057 0.05253940455341506
0 3.6661656342665813e-07 1.4609120619598398e-07 0.05893909626719057 0.05253940455341506
0 3.9089809584553413e-07 1.6407176662631256e-07 0.05893909626719057 0.05253940455341506
0 3.9949004083816284e-07 1.795721168866888e-07 0.05893909626719057 0.05253940455341506
0 2.48196917062777e-07 1.5864654770499828e-07 0.05893909626719057 0.05253940455341506
0 2.463291371045742e-07 1.454712412331767e-07 0.05893909626719057 0.05253940455341506
0 2.179383708889801e-07 1.6066160899970547e-07 0.05893909626719057 0.05253940455341506
0 2.5529455949639553e-07 1.3570591724104443e-07 0.05893909626719057 0.05253940455341506
0 2.865432824856513e-07 1.3345828150871466e-07 0.05893909626719057 0.05253940455341506
0 3.042874868032778e-07 1.1795793124833843e-07 0.05893909626719057 0.05253940455341506
0 3.50515974029687e-07 1.1873288745806944e-07 0.05893909626719057 0.05253940455341506
0 3.8320281097517566e-07 1.162139732786704e-07 0.05893909626719057 0.05253940455341506
0 4.042157775700273e-07 1.0730136382144195e-07 0.05893909626719057 0.05253940455341506
0 4.233607677534754e-07 1.0032605734619169e-07 0.05893909626719057 0.05253940455341506
0 4.350346380761932e-07 1.390771956988432e-07 0.05893909626719057 0.05253940455341506
0 3.7339672059670105e-07 1.3481467380628022e-07 0.05893909626719057 0.05253940455341506
0 3.930089013396907e-07 1.4450241460771363e-07 0.05893909626719057 0.05253940455341506
0 4.2242697599399464e-07 1.5109015541086142e-07 0.05893909626719057 0.05253940455341506
0 4.3410084633067203e-07 1.6639681040242337e-07 0.05893909626719057 0.05253940455341506
0 4.611841469204324e-07 1.4643989271172199e-07 0.05893909626719057 0.05253940455341506
0 4.840648934874464e-07 1.5186511163303626e-07 0.05893909626719057 0.05253940455341506
0 5.116151881835475e-07 1.4566493650199096e-07 0.05893909626719057 0.05253940455341506
0 5.120821822898883e-07 1.1757036557623595e-07 0.05893909626719057 0.05253940455341506
0 4.934039897456206e-07 1.0458875436078481e-07 0.05893909626719057 0.05253940455341506
0 3.49869215682307e-07 8.737316767427284e-08 0.05893909626719057 0.05253940455341506
0 3.242157775676396e-07 1.0892675786769061e-07 0.05893909626719057 0.05253940455341506
0 3.757314946612446e-07 1.0361992774776557e-07 0.05893909626719057 0.05253940455341506
0 4.213996675552848e-07 2.0853866680349973e-07 0.05893909626719057 0.05253940455341506
0 4.877071331638641e-07 2.0601992774613082e-07 0.05893909626719057 0.05253940455341506
0 4.774340486930083e-07 1.8703183668089248e-07 0.05893909626719057 0.05253940455341506
0 4.270030074298931e-07 1.8276913965385553e-07 0.05893909626719057 0.05253940455341506
0 4.2252029623398244e-07 2.2857771313006445e-09 0.05893909626719057 0.05253940455341506
0 4.1551597404035176e-07 1.681747590068777e-08 0.05893909626719057 0.05253940455341506
0 3.804943630303196e-07 1.7786302526150832e-08 0.05893909626719057 0.05253940455341506
0 4.6968277167307324e-07 1.1586127395105549e-08 0.05893909626719057 0.05253940455341506
0 5.056381744286267e-07 1.604251969095676e-08 0.05893909626719057 0.05253940455341506
0 4.5614112137819306e-07 2.7667738596398528e-08 0.05893909626719057 0.05253940455341506
0 2.845819858203003e-07 8.724759849633341e-08 0.05893909626719057 0.05253940455341506
0 2.5749868523053994e-07 8.317877187258469e-08 0.05893909626719057 0.05253940455341506
0 2.9345408798609334e-07 7.407211689003787e-08 0.05893909626719057 0.05253940455341506
0 2.7524288954816644e-07 6.690329026800348e-08 0.05893909626719057 0.05253940455341506
0 2.2434485419267007e-07 7.717229201035367e-08 0.05893909626719057 0.05253940455341506
0 2.1640674023955862e-07 4.791519920276515e-08 0.05893909626719057 0.05253940455341506
0 2.4535782078752174e-07 5.004654771006171e-08 0.05893909626719057 0.05253940455341506
0 2.9812363611518047e-07 4.462132878874744e-08 0.05893909626719057 0.05253940455341506
0 3.35947015296097e-07 3.8421153657702154e-08 0.05893909626719057 0.05253940455341506
0 3.6489809584406014e-07 2.9508369078443563e-08 0.05893909626719057 0.05253940455341506
0 3.8077452020348386e-07 3.8421153657702154e-08 0.05893909626719057 0.05253940455341506
0 4.167301194122381e-07 5.392167905255234e-08 0.05893909626719057 0.05253940455341506
0 4.3634210370202695e-07 4.481519919203566e-08 0.05893909626719057 0.05253940455341506
0 4.6202461843992533e-07 3.609610988159133e-08 0.05893909626719057 0.05253940455341506
0 3.9805192688192996e-07 7.465337783095463e-08 0.05893909626719057 0.05253940455341506
0 3.364140094024378e-07 6.302815891306903e-08 0.05893909626719057 0.05253940455341506
0 3.733034003567132e-07 7.504094350305711e-08 0.05893909626719057 0.05253940455341506
0 3.61162535913695e-07 5.5665461887746414e-08 0.05893909626719057 0.05253940455341506
0 3.971179386692484e-07 6.089681040577246e-08 0.05893909626719057 0.05253940455341506
0 2.4022127855209385e-07 3.7839892716785404e-08 0.05893909626719057 0.05253940455341506
0 4.920032038937587e-07 8.870066329383213e-08 0.05893909626719057 0.05253940455341506
