0 5.48028444017843e-09 1.598090695992756e-07 0.05893909626719057 0.05253940455341506
0 3.629934141350471e-08 1.417898051470565e-07 0.05893909626719057 0.05253940455341506
0 6.478342786908663e-08 1.4857124123146236e-07 0.05893909626719057 0.05253940455341506
0 3.489835909448235e-08 1.530276335273136e-07 0.05893909626719057 0.05253940455341506
0 3.069580507173601e-08 1.2454549691701225e-07 0.05893909626719057 0.05253940455341506
0 1.5286374818653054e-08 1.0982010287881086e-07 0.05893909626719057 0.05253940455341506
0 6.6184410188109e-08 1.0265110112230251e-07 0.05893909626719057 0.05253940455341506
0 1.3325078153302063e-08 1.9923849166172496e-07 0.05893909626719057 0.05253940455341506
0 5.441702314428338e-08 1.7753779113582948e-07 0.05893909626719057 0.05253940455341506
0 3.9474586997541214e-08 1.6416861426071967e-07 0.05893909626719057 0.05253940455341506
0 1.2305945929852622e-07 1.6455617993282216e-07 0.05893909626719057 0.05253940455341506
0 1.893669249210651e-07 1.3433026048732678e-07 0.05893909626719057 0.05253940455341506
0 1.97305038860217e-07 1.4692430603067543e-07 0.05893909626719057 0.05253940455341506
0 1.604156479059416e-07 1.3975530427416708e-07 0.05893909626719057 0.05253940455341506
0 1.305305791452969e-07 1.3278017292094696e-07 0.05893909626719057 0.05253940455341506
0 1.525765516287922e-07 1.7602080340016797e-07 0.05893909626719057 0.05253940455341506
0 2.276571017272025e-07 1.5186511163303626e-07 0.05893909626719057 0.05253940455341506
0 2.1131368326143796e-07 1.6639681040242337e-07 0.05893909626719057 0.05253940455341506
0 2.416657461284235e-07 1.6542798378940414e-07 0.05893909626719057 0.05253940455341506
0 2.878942333687923e-07 1.6600924473032089e-07 0.05893909626719057 0.05253940455341506
0 2.9863411549278806e-07 1.5147754596093378e-07 0.05893909626719057 0.05253940455341506
0 3.3482920389840725e-07 1.52885076604052e-07 0.05893909626719057 0.05253940455341506
0 3.2851918425343277e-07 1.3985232704304817e-07 0.05893909626719057 0.05253940455341506
0 2.514718365068981e-07 1.3152080340470634e-07 0.05893909626719057 0.05253940455341506
0 1.47807985823743e-07 1.2086423597780983e-07 0.05893909626719057 0.05253940455341506
0 2.0057380113744213e-07 1.1989540935234676e-07 0.05893909626719057 0.05253940455341506
0 2.3699619799933631e-07 1.239642359760955e-07 0.05893909626719057 0.05253940455341506
0 2.4259973434110504e-07 1.1311397328038474e-07 0.05893909626719057 0.05253940455341506
0 2.7248480311570933e-07 1.1059505908854187e-07 0.05893909626719057 0.05253940455341506
0 2.636127009499163e-07 1.4295232704133382e-07 0.05893909626719057 0.05253940455341506
0 2.7248480311570933e-07 1.766658121572174e-07 0.05893909626719057 0.05253940455341506
0 3.089071999636439e-07 1.782158997235972e-07 0.05893909626719057 0.05253940455341506
0 3.7241289741529847e-07 7.959418343331545e-08 0.05893909626719057 0.05253940455341506
0 3.4543450841859435e-07 6.691134630447966e-08 0.05893909626719057 0.05253940455341506
0 3.215148620458425e-07 6.196248466564266e-08 0.05893909626719057 0.05253940455341506
0 2.8929501922065427e-07 7.184392073589036e-08 0.05893909626719057 0.05253940455341506
0 3.1777930212943694e-07 7.90129224923987e-08 0.05893909626719057 0.05253940455341506
0 2.776211488839769e-07 9.567596976908238e-08 0.05893909626719057 0.05253940455341506
0 1.426714435743555e-07 8.850696802501786e-08 0.05893909626719057 0.05253940455341506
0 8.15005202012041e-08 9.1219577485675e-08 0.05893909626719057 0.05253940455341506
0 3.3404056549431723e-08 7.242535681128106e-08 0.05893909626719057 0.05253940455341506
0 1.2165847697950384e-07 7.087526924490125e-08 0.05893909626719057 0.05253940455341506
0 8.523608011760966e-08 6.176878938438456e-08 0.05893909626719057 0.05253940455341506
0 6.048755360635245e-08 5.6343570475514126e-08 0.05893909626719057 0.05253940455341506
0 1.846162040268956e-08 4.646195927079247e-08 0.05893909626719057 0.05253940455341506
0 1.3800189544526837e-07 6.002500654919049e-08 0.05893909626719057 0.05253940455341506
0 1.6788696420591308e-07 6.215617993445692e-08 0.05893909626719057 0.05253940455341506
0 1.8889993081472432e-07 8.405057572916665e-08 0.05893909626719057 0.05253940455341506
0 2.3185965576390842e-07 9.645092599125722e-08 0.05893909626719057 0.05253940455341506
0 2.804229170548612e-07 8.211309762515831e-08 0.05893909626719057 0.05253940455341506
0 3.238496361103861e-07 9.509470882816564e-08 0.05893909626719057 0.05253940455341506
0 3.5326790723185035e-07 1.0361992774776557e-07 0.05893909626719057 0.05253940455341506
0 1.3846888955160915e-07 3.7161784141461526e-08 0.05893909626719057 0.05253940455341506
0 1.543453139110329e-07 5.1499612507560426e-08 0.05893909626719057 0.05253940455341506
0 2.631457068435755e-07 5.32433953427545e-08 0.05893909626719057 0.05253940455341506
0 2.145824455386631e-07 5.731239710097719e-08 0.05893909626719057 0.05253940455341506
0 1.7489128641350336e-07 2.8345847184166237e-08 0.05893909626719057 0.05253940455341506
0 1.7349050056164136e-07 1.8076845429372228e-08 0.05893909626719057 0.05253940455341506
0 2.813569052675428e-07 1.0520453135235354e-08 0.05893909626719057 0.05253940455341506
0 2.916297932851978e-07 2.2145672053120953e-08 0.05893909626719057 0.05253940455341506
0 2.9583254377510453e-07 3.5127283256128266e-08 0.05893909626719057 0.05253940455341506
0 2.3746319210567712e-07 3.667737082250808e-08 0.05893909626719057 0.05253940455341506
0 2.1178067736777874e-07 3.3964761374294774e-08 0.05893909626719057 0.05253940455341506
0 3.713981293299765e-08 3.280223948001745e-08 0.05893909626719057 0.05253940455341506
0 3.9007592891200425e-08 1.9239367323649554e-08 0.05893909626719057 0.05253940455341506
0 3.518987788787021e-09 3.241484892994509e-08 0.05893909626719057 0.05253940455341506
0 1.00565123432373e-08 1.9433237726937776e-08 0.05893909626719057 0.05253940455341506
0 9.58951823689651e-09 8.001538955836312e-09 0.05893909626719057 0.05253940455341506
0 2.20185785427231e-07 1.3814323536809239e-08 0.05893909626719057 0.05253940455341506
0 1.6687160670515044e-08 9.354462126178583e-08 0.05893909626719057 0.05253940455341506
