0 4.098649563573056e-07 1.6554719219126181e-07 0.05893909626719057 0.05253940455341506
0 4.4313548680846046e-07 1.8710288396103562e-07 0.05893909626719057 0.05253940455341506
0 4.4547026087300406e-07 1.7426628150170613e-07 0.05893909626719057 0.05253940455341506
0 4.82242952427954e-07 1.7765717467216113e-07 0.05893909626719057 0.05253940455341506
0 5.032559190228057e-07 1.7281321670420743e-07 0.05893909626719057 0.05253940455341506
0 4.909983551804621e-07 1.6167206083632735e-07 0.05893909626719057 0.05253940455341506
0 4.5772782472930723e-07 1.6142985418929446e-07 0.05893909626719057 0.05253940455341506
0 4.4430287383375244e-07 1.5246838308489946e-07 0.05893909626719057 0.05253940455341506
0 4.6940169505202504e-07 1.4060060725103304e-07 0.05893909626719057 0.05253940455341506
0 4.968352903488008e-07 1.415694338764961e-07 0.05893909626719057 0.05253940455341506
0 5.143460958398573e-07 1.488354583894417e-07 0.05893909626719057 0.05253940455341506
0 4.869125005570411e-07 1.272797666196679e-07 0.05893909626719057 0.05253940455341506
0 5.079254671658524e-07 9.434071233498115e-08 0.05893909626719057 0.05253940455341506
0 4.647321469229379e-07 1.033020083049022e-07 0.05893909626719057 0.05253940455341506
0 4.6414845340331213e-07 8.392617643308743e-08 0.05893909626719057 0.05253940455341506
0 1.0292264797250859e-08 5.247906608982004e-08 0.05893909626719057 0.05253940455341506
0 6.206410187789519e-09 3.988467030241112e-08 0.05893909626719057 0.05253940455341506
0 1.0292264797250859e-08 2.8743514434531048e-08 0.05893909626719057 0.05253940455341506
0 4.88160369110782e-08 2.4141763113610245e-08 0.05893909626719057 0.05253940455341506
0 2.079874810863627e-08 1.542267380316592e-08 0.05893909626719057 0.05253940455341506
0 9.492762825704205e-08 1.0336509175735501e-08 0.05893909626719057 0.05253940455341506
0 1.2352861057910976e-07 1.9297805145656552e-08 0.05893909626719057 0.05253940455341506
0 1.6672193080806465e-07 2.828278003313171e-09 0.05893909626719057 0.05253940455341506
0 1.994087677535533e-07 2.366843113793314e-10 0.05893909626719057 0.05253940455341506
0 2.386329327863318e-07 1.1086632899914324e-09 0.05893909626719057 0.05253940455341506
0 2.5194098778748166e-07 1.215297152346437e-08 0.05893909626719057 0.05253940455341506
0 1.8329874810039918e-07 1.4478015312019023e-08 0.05893909626719057 0.05253940455341506
0 1.7979658699660405e-07 3.482267379685303e-08 0.05893909626719057 0.05253940455341506
0 1.994087677535533e-07 4.32512202165198e-08 0.05893909626719057 0.05253940455341506
0 1.9800778543453092e-07 5.516733229413088e-08 0.05893909626719057 0.05253940455341506
0 2.281264494749464e-07 5.487678939090948e-08 0.05893909626719057 0.05253940455341506
0 2.421350938761674e-07 4.8192025818880626e-08 0.05893909626719057 0.05253940455341506
0 2.5614373827738833e-07 3.918221845829711e-08 0.05893909626719057 0.05253940455341506
0 2.351307716825367e-07 3.162565102968628e-08 0.05893909626719057 0.05253940455341506
0 2.1621898385849823e-07 2.6394127389630102e-08 0.05893909626719057 0.05253940455341506
0 2.5684413121029914e-07 2.3487822660158703e-08 0.05893909626719057 0.05253940455341506
0 2.7505532963426645e-07 3.104439008876954e-08 0.05893909626719057 0.05253940455341506
0 3.0517379722148115e-07 2.174403982496463e-08 0.05893909626719057 0.05253940455341506
0 3.079755653923655e-07 9.82775261287959e-09 0.05893909626719057 0.05253940455341506
0 2.841608306126699e-07 3.4337070785460844e-09 0.05893909626719057 0.05253940455341506
0 4.357343080283805e-07 7.551216591343885e-08 0.05893909626719057 0.05253940455341506
0 4.217256636271595e-07 6.301461776043706e-08 0.05893909626719057 0.05253940455341506
0 4.098183944639121e-07 5.3714267496632155e-08 0.05893909626719057 0.05253940455341506
0 3.937083748247176e-07 6.85368594381886e-08 0.05893909626719057 0.05253940455341506
0 3.7269540821590633e-07 7.144316416766e-08 0.05893909626719057 0.05253940455341506
0 3.7059422944509313e-07 5.08077876326868e-08 0.05893909626719057 0.05253940455341506
0 3.3767379721983373e-07 6.592109762438243e-08 0.05893909626719057 0.05253940455341506
0 3.4117595832362883e-07 5.574876836952159e-08 0.05893909626719057 0.05253940455341506
0 3.1105749073641413e-07 6.35958787013538e-08 0.05893909626719057 0.05253940455341506
0 3.313700644123146e-07 8.452197327402236e-08 0.05893909626719057 0.05253940455341506
0 3.1105749073641413e-07 8.364999429541026e-08 0.05893909626719057 0.05253940455341506
0 2.8023843376308786e-07 5.923633403990973e-08 0.05893909626719057 0.05253940455341506
0 2.9354668523139804e-07 4.79014829032154e-08 0.05893909626719057 0.05253940455341506
0 3.08956115484481e-07 3.831041460171514e-08 0.05893909626719057 0.05253940455341506
0 3.2226436696675077e-07 2.7847367321602782e-08 0.05893909626719057 0.05253940455341506
0 3.4117595832362883e-07 1.360603632096309e-08 0.05893909626719057 0.05253940455341506
0 3.6709206834129803e-07 2.5231605495352776e-08 0.05893909626719057 0.05253940455341506
0 3.677924612602492e-07 3.656645663204711e-08 0.05893909626719057 0.05253940455341506
0 3.8810483848294887e-07 3.017258623218756e-08 0.05893909626719057 0.05253940455341506
0 4.0771701922593856e-07 2.0000081855296597e-08 0.05893909626719057 0.05253940455341506
0 4.105187873968229e-07 9.82775261287959e-09 0.05893909626719057 0.05253940455341506
0 3.691932471260708e-07 7.793426862020291e-09 0.05893909626719057 0.05253940455341506
0 4.7215670487631506e-07 4.596404094853539e-09 0.05893909626719057 0.05253940455341506
0 4.4413941607387314e-07 3.724425116241438e-09 0.05893909626719057 0.05253940455341506
0 4.4343902315492196e-07 1.5931255231547872e-08 0.05893909626719057 0.05253940455341506
0 4.7355749074213667e-07 2.2906561719241954e-08 0.05893909626719057 0.05253940455341506
0 4.910682962331932e-07 1.7384495163520552e-08 0.05893909626719057 0.05253940455341506
0 4.301307716726522e-07 3.162565102968628e-08 0.05893909626719057 0.05253940455341506
0 5.008743866116678e-07 3.724425116241438e-09 0.05893909626719057 0.05253940455341506
0 4.4343902315492196e-07 4.441374209835329e-08 0.05893909626719057 0.05253940455341506
0 5.008743866116678e-07 6.417713965471439e-08 0.05893909626719057 0.05253940455341506
0 4.791610270839054e-07 6.882740234141e-08 0.05893909626719057 0.05253940455341506
0 5.106804769901424e-07 7.841847064291025e-08 0.05893909626719057 0.05253940455341506
0 5.029757618496413e-07 4.6157700068021324e-08 0.05893909626719057 0.05253940455341506
0 5.127816557609556e-07 3.482267379685303e-08 0.05893909626719057 0.05253940455341506
