0 1.9313235125198573e-07 1.9945663526259237e-07 0.05893909626719057 0.05253940455341506
0 1.6375848091307e-07 2.1020199428741982e-07 0.05893909626719057 0.05253940455341506
0 1.9780189938107286e-07 2.154419242329001e-07 0.05893909626719057 0.05253940455341506
0 1.8671191903118162e-07 2.3191145137524347e-07 0.05893909626719057 0.05253940455341506
0 1.5869463022873967e-07 2.3602896451168477e-07 0.05893909626719057 0.05253940455341506
0 1.6273608619146854e-08 2.3748220444365747e-07 0.05893909626719057 0.05253940455341506
0 6.238519997907029e-08 2.343335179326792e-07 0.05893909626719057 0.05253940455341506
0 1.108317618567381e-07 2.2319236206479913e-07 0.05893909626719057 0.05253940455341506
0 1.440470860269579e-07 2.1982773859257253e-07 0.05893909626719057 0.05253940455341506
0 7.522645734103969e-08 2.224657420988128e-07 0.05893909626719057 0.05253940455341506
