0 9.382846328756516e-09 1.7855809236403975e-07 0.05893909626719057 0.05253940455341506
0 1.1250626300918875e-08 1.452319977857847e-07 0.05893909626719057 0.05253940455341506
0 3.3197581108452106e-08 1.620887403437265e-07 0.05893909626719057 0.05253940455341506
0 1.0870445733690384e-07 2.2338874034796116e-07 0.05893909626719057 0.05253940455341506
0 9.527950645530866e-08 2.1055231302310564e-07 0.05893909626719057 0.05253940455341506
0 8.418932963825705e-08 1.9311430952424711e-07 0.05893909626719057 0.05253940455341506
0 5.1502492706728e-08 1.9723164752621447e-07 0.05893909626719057 0.05253940455341506
0 6.409424122812787e-08 1.5353725173834204e-07 0.05893909626719057 0.05253940455341506
0 4.041231588967639e-08 1.2529942336387343e-07 0.05893909626719057 0.05253940455341506
0 1.0060253008731312e-08 1.2723690146788178e-07 0.05893909626719057 0.05253940455341506
