0 3.07375490735734e-07 9.964530198051135e-09 0.05893909626719057 0.05253940455341506
0 3.108570231506389e-07 4.251409236875335e-08 0.05893909626719057 0.05253940455341506
0 2.968485752165783e-07 2.2896053837461848e-08 0.05893909626719057 0.05253940455341506
0 3.336210703043679e-07 3.403720970534192e-08 0.05893909626719057 0.05253940455341506
0 1.7660771077392834e-07 2.1200607246012444e-08 0.05893909626719057 0.05253940455341506
0 1.8769788759097997e-07 3.137293650087328e-08 0.05893909626719057 0.05253940455341506
0 1.8711419407135417e-07 4.614701705176726e-08 0.05893909626719057 0.05253940455341506
0 2.2330319210667838e-07 2.7497805145938817e-08 0.05893909626719057 0.05253940455341506
0 1.5209258307528157e-07 2.8708838418434773e-08 0.05893909626719057 0.05253940455341506
0 1.3808393867406058e-07 8.848593240110378e-09 0.05893909626719057 0.05253940455341506
