0 1.343108109672572e-07 1.1186329025486134e-07 0.05893909626719057 0.05253940455341506
0 1.6653065380640502e-07 1.0924752844105517e-07 0.05893909626719057 0.05253940455341506
0 2.2116424907830694e-07 1.3482388570041932e-07 0.05893909626719057 0.05253940455341506
0 2.106577657808811e-07 1.4732143386586493e-07 0.05893909626719057 0.05253940455341506
0 2.2256503494412852e-07 1.534247613625031e-07 0.05893909626719057 0.05253940455341506
0 2.6319018228196984e-07 1.5284350042158635e-07 0.05893909626719057 0.05253940455341506
0 2.6108880704399625e-07 1.3743964752666932e-07 0.05893909626719057 0.05253940455341506
0 2.6108880704399625e-07 1.1709481390736135e-07 0.05893909626719057 0.05253940455341506
0 2.3377210762766592e-07 1.0721302756816573e-07 0.05893909626719057 0.05253940455341506
0 2.463797697098645e-07 9.442493649949872e-08 0.05893909626719057 0.05253940455341506
0 2.05754818825224e-07 8.919341284699872e-08 0.05893909626719057 0.05253940455341506
0 1.9454794259488736e-07 9.762195926666548e-08 0.05893909626719057 0.05253940455341506
0 1.8194008405948798e-07 7.059236206288482e-08 0.05893909626719057 0.05253940455341506
0 2.701945044895601e-07 9.064647764449744e-08 0.05893909626719057 0.05253940455341506
0 2.842031488907811e-07 7.785838657583042e-08 0.05893909626719057 0.05253940455341506
0 2.884057029135274e-07 9.529674034363687e-08 0.05893909626719057 0.05253940455341506
0 3.059165084185435e-07 7.8439647529191e-08 0.05893909626719057 0.05253940455341506
0 3.192245634196933e-07 9.70406983133049e-08 0.05893909626719057 0.05253940455341506
0 3.332332078209143e-07 8.657765103319255e-08 0.05893909626719057 0.05253940455341506
0 3.143216164779958e-07 1.1360707310249925e-07 0.05893909626719057 0.05253940455341506
0 3.493432274740684e-07 1.0052826398369304e-07 0.05893909626719057 0.05253940455341506
0 3.3883674417664256e-07 1.1796679288597345e-07 0.05893909626719057 0.05253940455341506
0 3.668540329790845e-07 1.1651355295400078e-07 0.05893909626719057 0.05253940455341506
0 3.787613021283723e-07 9.878448114849897e-08 0.05893909626719057 0.05253940455341506
0 3.5494656734867674e-07 8.541495400444125e-08 0.05893909626719057 0.05253940455341506
0 3.353345830728474e-07 7.437064577096832e-08 0.05893909626719057 0.05253940455341506
0 3.4654145930318404e-07 6.536083842282864e-08 0.05893909626719057 0.05253940455341506
0 3.8296385615111867e-07 6.536083842282864e-08 0.05893909626719057 0.05253940455341506
0 3.7595953395748794e-07 7.873036556688636e-08 0.05893909626719057 0.05253940455341506
0 4.095803591016986e-07 7.378938483005157e-08 0.05893909626719057 0.05253940455341506
0 3.899681783587089e-07 9.035593474127604e-08 0.05893909626719057 0.05253940455341506
0 4.1028075203460936e-07 9.500619744041548e-08 0.05893909626719057 0.05253940455341506
0 4.2989273631043865e-07 8.570567204213661e-08 0.05893909626719057 0.05253940455341506
0 4.4039921962182406e-07 7.030181915966343e-08 0.05893909626719057 0.05253940455341506
0 4.088799661827474e-07 6.216381565566188e-08 0.05893909626719057 0.05253940455341506
0 4.1028075203460936e-07 5.3154008295078376e-08 0.05893909626719057 0.05253940455341506
0 3.738583551727152e-07 4.5597440866467545e-08 0.05893909626719057 0.05253940455341506
0 4.396988266889133e-07 5.3154008295078376e-08 0.05893909626719057 0.05253940455341506
0 4.607117932837649e-07 5.867607485079978e-08 0.05893909626719057 0.05253940455341506
0 5.014314396505968e-07 6.143334279346759e-08 0.05893909626719057 0.05253940455341506
0 4.908302608709796e-07 7.466136380866367e-08 0.05893909626719057 0.05253940455341506
0 4.7191866951410156e-07 8.570567204213661e-08 0.05893909626719057 0.05253940455341506
0 4.495049170673879e-07 9.587800129699745e-08 0.05893909626719057 0.05253940455341506
0 4.7612122355080747e-07 9.70406983133049e-08 0.05893909626719057 0.05253940455341506
0 3.8688625301466024e-07 1.4499621495528015e-07 0.05893909626719057 0.05253940455341506
0 4.049807520253426e-07 1.5056679288922018e-07 0.05893909626719057 0.05253940455341506
0 4.3183065380249247e-07 1.4184770356633202e-07 0.05893909626719057 0.05253940455341506
0 4.3007957324361513e-07 1.566219592641438e-07 0.05893909626719057 0.05253940455341506
0 4.5868055556568283e-07 1.4548062826178978e-07 0.05893909626719057 0.05253940455341506
0 4.446719111644619e-07 1.6873194174504312e-07 0.05893909626719057 0.05253940455341506
0 4.785261351352426e-07 1.5565313263868074e-07 0.05893909626719057 0.05253940455341506
0 4.995391017300941e-07 1.4911372809172148e-07 0.05893909626719057 0.05253940455341506
