0 4.958634632366748e-07 1.5952785767765358e-07 0.05893909626719057 0.05253940455341506
0 5.033347795366463e-07 1.473208524278732e-07 0.05893909626719057 0.05253940455341506
0 4.557053099912146e-07 1.399578051460465e-07 0.05893909626719057 0.05253940455341506
0 4.893261351354253e-07 1.3569493298453558e-07 0.05893909626719057 0.05253940455341506
0 4.986652314075591e-07 1.2290666679383844e-07 0.05893909626719057 0.05253940455341506
0 4.701809484987764e-07 1.2465044962903254e-07 0.05893909626719057 0.05253940455341506
0 4.1134460272300815e-07 1.269756685396173e-07 0.05893909626719057 0.05253940455341506
0 4.2488644947108915e-07 1.40345370818149e-07 0.05893909626719057 0.05253940455341506
0 4.4122986795081326e-07 1.5332750742457817e-07 0.05893909626719057 0.05253940455341506
0 3.6978586009284645e-07 1.3220719217967347e-07 0.05893909626719057 0.05253940455341506
0 3.725874317965704e-07 1.0411157047196237e-07 0.05893909626719057 0.05253940455341506
0 4.2582024123056995e-07 1.0372400478741605e-07 0.05893909626719057 0.05253940455341506
0 4.4916798188996516e-07 9.984869831045146e-08 0.05893909626719057 0.05253940455341506
0 4.851233846455186e-07 9.829861074407165e-08 0.05893909626719057 0.05253940455341506
0 4.7064794260511716e-07 1.10505791128326e-07 0.05893909626719057 0.05253940455341506
0 4.981982373012183e-07 1.0973065978412103e-07 0.05893909626719057 0.05253940455341506
0 3.310284926992483e-07 1.1360596626108562e-07 0.05893909626719057 0.05253940455341506
0 2.9834185222092007e-07 1.161248804529285e-07 0.05893909626719057 0.05253940455341506
0 2.6238625301216585e-07 1.1845009936351328e-07 0.05893909626719057 0.05253940455341506
0 2.8013045732979236e-07 1.070180503234639e-07 0.05893909626719057 0.05253940455341506
0 3.1235030016894024e-07 1.0721174560472199e-07 0.05893909626719057 0.05253940455341506
0 3.249581587043396e-07 9.07418681934307e-08 0.05893909626719057 0.05253940455341506
0 3.258921469170212e-07 7.485325172305614e-08 0.05893909626719057 0.05253940455341506
0 3.9500138071044444e-07 8.95791711646794e-08 0.05893909626719057 0.05253940455341506
0 3.193546223625709e-07 1.378264566263061e-07 0.05893909626719057 0.05253940455341506
0 3.2262338463979607e-07 1.2542558097323748e-07 0.05893909626719057 0.05253940455341506
0 2.8620098779186145e-07 1.3104467029783999e-07 0.05893909626719057 0.05253940455341506
0 2.53047156740032e-07 1.378264566263061e-07 0.05893909626719057 0.05253940455341506
0 2.829322255146363e-07 1.4751454769668746e-07 0.05893909626719057 0.05253940455341506
0 3.328964691246115e-07 1.5119615890483777e-07 0.05893909626719057 0.05253940455341506
0 2.2768173434534812e-07 1.3603573859827138e-07 0.05893909626719057 0.05253940455341506
0 2.3356228444155344e-07 1.236124461182947e-07 0.05893909626719057 0.05253940455341506
0 1.951447991769454e-07 1.438331116230111e-07 0.05893909626719057 0.05253940455341506
0 2.2129430802118453e-07 1.4945220093516976e-07 0.05893909626719057 0.05253940455341506
0 2.6238625301216585e-07 1.5739650917035702e-07 0.05893909626719057 0.05253940455341506
0 2.7639489741338684e-07 1.6543766503995143e-07 0.05893909626719057 0.05253940455341506
0 3.079907716769707e-07 1.5909948640730456e-07 0.05893909626719057 0.05253940455341506
0 2.1942652806298178e-07 1.6350001180146915e-07 0.05893909626719057 0.05253940455341506
0 1.8954145930233707e-07 1.5826848816141295e-07 0.05893909626719057 0.05253940455341506
0 1.8580570291877113e-07 1.7299458272506636e-07 0.05893909626719057 0.05253940455341506
0 1.560145437856358e-07 1.7450614139158576e-07 0.05893909626719057 0.05253940455341506
0 1.998143473199921e-07 1.9237094000030302e-07 0.05893909626719057 0.05253940455341506
0 2.2736464201609325e-07 1.8481419743721821e-07 0.05893909626719057 0.05253940455341506
0 2.544481390590544e-07 1.9237094000030302e-07 0.05893909626719057 0.05253940455341506
0 2.3156739250599995e-07 2.0205903105824053e-07 0.05893909626719057 0.05253940455341506
0 1.9701277560230853e-07 2.0360929375909432e-07 0.05893909626719057 0.05253940455341506
0 2.6983831587941016e-07 2.11060256978926e-07 0.05893909626719057 0.05253940455341506
0 4.14333207827069e-07 7.223748990924997e-08 0.05893909626719057 0.05253940455341506
0 4.3207741214469554e-07 4.840456521613197e-08 0.05893909626719057 0.05253940455341506
0 5.002528541925976e-07 6.797461774773906e-08 0.05893909626719057 0.05253940455341506
0 5.114597304229342e-07 5.809265628651332e-08 0.05893909626719057 0.05253940455341506
0 4.941823237444881e-07 4.2979171172787563e-08 0.05893909626719057 0.05253940455341506
0 4.890459779622609e-07 2.8834337537607087e-08 0.05893909626719057 0.05253940455341506
0 5.929843375901335e-08 2.3431664927481734e-07 0.05893909626719057 0.05253940455341506
0 1.843988759460203e-08 2.3116796276383908e-07 0.05893909626719057 0.05253940455341506
