0 2.402858522292131e-07 6.964656871926129e-08 0.05893909626719057 0.05253940455341506
0 2.789711174452756e-07 6.745234805575804e-08 0.05893909626719057 0.05253940455341506
0 3.0208545929206037e-07 8.460050917684717e-08 0.05893909626719057 0.05253940455341506
0 3.2800137285652874e-07 8.605374910881986e-08 0.05893909626719057 0.05253940455341506
0 3.504151253032424e-07 7.704359149173226e-08 0.05893909626719057 0.05253940455341506
0 3.60221215681717e-07 6.134867030261579e-08 0.05893909626719057 0.05253940455341506
0 4.120532392498949e-07 7.123063176384154e-08 0.05893909626719057 0.05253940455341506
0 4.2676227658402666e-07 5.989543037064311e-08 0.05893909626719057 0.05253940455341506
0 4.393699386662253e-07 7.849683142370493e-08 0.05893909626719057 0.05253940455341506
0 4.610832981939877e-07 7.094008886062014e-08 0.05893909626719057 0.05253940455341506
0 4.603829052750365e-07 5.815147240097508e-08 0.05893909626719057 0.05253940455341506
0 4.827966577217501e-07 6.745234805575804e-08 0.05893909626719057 0.05253940455341506
0 5.031092313976507e-07 6.076740934925522e-08 0.05893909626719057 0.05253940455341506
