0 9.50056282603549e-08 2.341130135504613e-07 0.05893909626719057 0.05253940455341506
0 5.473097206877016e-08 2.275736089910582e-07 0.05893909626719057 0.05253940455341506
0 1.6790893488528188e-08 2.261203690590855e-07 0.05893909626719057 0.05253940455341506
0 7.574374221042102e-08 2.2030758447811258e-07 0.05893909626719057 0.05253940455341506
0 7.982959681988236e-08 2.0965066678226818e-07 0.05893909626719057 0.05253940455341506
0 1.1718598189445812e-07 2.227296510231045e-07 0.05893909626719057 0.05253940455341506
0 1.2266319211355803e-07 2.0729882790450711e-07 0.05893909626719057 0.05253940455341506
0 1.37615254969684e-07 2.1812772458015358e-07 0.05893909626719057 0.05253940455341506
0 1.5687714101961788e-07 2.0214243560984583e-07 0.05893909626719057 0.05253940455341506
0 1.6154668916266457e-07 2.135259732716766e-07 0.05893909626719057 0.05253940455341506
0 1.7012389936953768e-07 1.9347973859206617e-07 0.05893909626719057 0.05253940455341506
0 1.8606181686131136e-07 1.9196993123295487e-07 0.05893909626719057 0.05253940455341506
0 1.965683001587372e-07 2.031112622353089e-07 0.05893909626719057 0.05253940455341506
0 1.9306613905494207e-07 2.1958096451212625e-07 0.05893909626719057 0.05253940455341506
0 2.140791056637533e-07 2.1449479988469582e-07 0.05893909626719057 0.05253940455341506
0 2.1174433159920974e-07 1.8446170006053255e-07 0.05893909626719057 0.05253940455341506
0 2.1758126676754844e-07 1.9390758447143717e-07 0.05893909626719057 0.05253940455341506
0 2.3042252412951784e-07 1.8882141985645058e-07 0.05893909626719057 0.05253940455341506
0 2.3684295635032195e-07 2.256359557525759e-07 0.05893909626719057 0.05253940455341506
0 2.5435376185533803e-07 2.098928734417449e-07 0.05893909626719057 0.05253940455341506
0 2.741993414248977e-07 2.0529112213326793e-07 0.05893909626719057 0.05253940455341506
0 3.0571879131717516e-07 2.0553332878030082e-07 0.05893909626719057 0.05253940455341506
0 3.343197736392429e-07 1.9027465978842325e-07 0.05893909626719057 0.05253940455341506
0 3.343197736392429e-07 1.7913332878606923e-07 0.05893909626719057 0.05253940455341506
0 2.975470820842929e-07 1.8397728675402292e-07 0.05893909626719057 0.05253940455341506
0 2.689460997622252e-07 1.926965511989412e-07 0.05893909626719057 0.05253940455341506
0 2.5668853591988163e-07 1.8082877536507482e-07 0.05893909626719057 0.05253940455341506
0 2.403451174541171e-07 1.7332054419265246e-07 0.05893909626719057 0.05253940455341506
0 2.8295474416344616e-07 1.75984642275091e-07 0.05893909626719057 0.05253940455341506
0 2.572722294395074e-07 1.6169479988378884e-07 0.05893909626719057 0.05253940455341506
0 2.8762429230649287e-07 1.648434864072109e-07 0.05893909626719057 0.05253940455341506
0 3.0163293670771386e-07 1.7259392422666613e-07 0.05893909626719057 0.05253940455341506
0 3.666563158777162e-07 1.8518832002651888e-07 0.05893909626719057 0.05253940455341506
0 3.269651567385968e-07 1.675075844772056e-07 0.05893909626719057 0.05253940455341506
0 3.4856181686703385e-07 1.5636642860932551e-07 0.05893909626719057 0.05253940455341506
0 3.4856181686703385e-07 1.452250976069715e-07 0.05893909626719057 0.05253940455341506
0 3.648906970142031e-07 1.251004040891801e-07 0.05893909626719057 0.05253940455341506
0 3.7599541214985e-07 1.3577921319606686e-07 0.05893909626719057 0.05253940455341506
0 3.923388306156145e-07 1.3723245312803953e-07 0.05893909626719057 0.05253940455341506
0 4.121844101851742e-07 1.280287753641678e-07 0.05893909626719057 0.05253940455341506
0 4.425364730521597e-07 1.3892789970704512e-07 0.05893909626719057 0.05253940455341506
0 4.60630972062842e-07 1.273021554106253e-07 0.05893909626719057 0.05253940455341506
0 4.6763529427043226e-07 1.4546730426644822e-07 0.05893909626719057 0.05253940455341506
0 4.1393549073009196e-07 1.4401406433447553e-07 0.05893909626719057 0.05253940455341506
0 3.9934315280924525e-07 1.5563980864333918e-07 0.05893909626719057 0.05253940455341506
0 3.7949757323968556e-07 1.5055346889387862e-07 0.05893909626719057 0.05253940455341506
0 3.7949757323968556e-07 1.6169479988378884e-07 0.05893909626719057 0.05253940455341506
0 3.8533450840802426e-07 1.6944523771568787e-07 0.05893909626719057 0.05253940455341506
0 4.2093981293768227e-07 1.6629655120470963e-07 0.05893909626719057 0.05253940455341506
0 4.296952156762307e-07 1.7380495751160593e-07 0.05893909626719057 0.05253940455341506
0 4.641331331666371e-07 1.696874443751646e-07 0.05893909626719057 0.05253940455341506
0 4.898154514373751e-07 1.6435907308825747e-07 0.05893909626719057 0.05253940455341506
0 4.985708541898832e-07 1.7501581564962792e-07 0.05893909626719057 0.05253940455341506
0 4.997382412291348e-07 1.493426107434128e-07 0.05893909626719057 0.05253940455341506
