0 2.752519150881413e-07 2.3813985066990602e-07 0.05893909626719057 0.05253940455341506
0 3.3829061843345504e-07 2.044741764192329e-07 0.05893909626719057 0.05253940455341506
0 3.3829061843345504e-07 2.1658415890013222e-07 0.05893909626719057 0.05253940455341506
0 2.805051567508138e-07 1.993880117918025e-07 0.05893909626719057 0.05253940455341506
0 3.015179268785051e-07 2.1682636555960895e-07 0.05893909626719057 0.05253940455341506
0 2.5599002903820744e-07 2.2045929025506668e-07 0.05893909626719057 0.05253940455341506
0 2.7758668916664446e-07 2.136776790486307e-07 0.05893909626719057 0.05253940455341506
0 2.484020133249509e-07 2.0738065628317827e-07 0.05893909626719057 0.05253940455341506
0 2.2388688562630416e-07 2.286939662590014e-07 0.05893909626719057 0.05253940455341506
0 2.5015309386986874e-07 2.354755774654374e-07 0.05893909626719057 0.05253940455341506
0 1.789424848384719e-07 2.3595999078439083e-07 0.05893909626719057 0.05253940455341506
0 2.3812892884013554e-07 1.4000097151319975e-07 0.05893909626719057 0.05253940455341506
0 2.577411095970848e-07 1.5424230251383943e-07 0.05893909626719057 0.05253940455341506
0 2.857583983995267e-07 1.5831112913758815e-07 0.05893909626719057 0.05253940455341506
0 2.871591842513887e-07 1.4261673333944975e-07 0.05893909626719057 0.05253940455341506
0 2.689479858274214e-07 1.3622268780511624e-07 0.05893909626719057 0.05253940455341506
0 3.0375859486233846e-07 1.3332689095742494e-07 0.05893909626719057 0.05253940455341506
0 1.912000486947751e-07 1.6121760898908968e-07 0.05893909626719057 0.05253940455341506
0 2.5939101135519555e-07 6.286594524189098e-08 0.05893909626719057 0.05253940455341506
0 2.509857068425425e-07 4.659011336836187e-08 0.05893909626719057 0.05253940455341506
0 2.248363944654637e-07 5.395298552815844e-08 0.05893909626719057 0.05253940455341506
0 2.677961194146478e-07 3.418958797179734e-08 0.05893909626719057 0.05253940455341506
0 2.7370908601997214e-07 7.132320031328139e-09 0.05893909626719057 0.05253940455341506
0 2.211006380818978e-07 2.4889237720436268e-08 0.05893909626719057 0.05253940455341506
0 2.1082775006424274e-07 3.418958797179734e-08 0.05893909626719057 0.05253940455341506
0 1.7533914496182934e-07 5.0077854173223975e-08 0.05893909626719057 0.05253940455341506
0 1.3798275988725356e-07 5.201533228967614e-08 0.05893909626719057 0.05253940455341506
0 2.0055466557942733e-07 1.093862475749193e-08 0.05893909626719057 0.05253940455341506
0 1.118334475101748e-07 7.063493402557468e-09 0.05893909626719057 0.05253940455341506
0 1.7860790723905447e-07 1.4000095855917193e-08 0.05893909626719057 0.05253940455341506
