0 8.254675989944273e-08 2.1425171757773696e-07 0.05893909626719057 0.05253940455341506
0 9.095186794493541e-08 1.9913840759848517e-07 0.05893909626719057 0.05253940455341506
0 1.1429960861829021e-07 2.065012797458379e-07 0.05893909626719057 0.05253940455341506
0 1.0682829230435916e-07 1.898378822002063e-07 0.05893909626719057 0.05253940455341506
0 1.3111002119039552e-07 1.8208744436830724e-07 0.05893909626719057 0.05253940455341506
0 1.2924224123219276e-07 1.9216292597631714e-07 0.05893909626719057 0.05253940455341506
0 1.724874278701542e-07 2.0632965102253997e-07 0.05893909626719057 0.05253940455341506
0 1.5632554182195312e-07 1.9061283842238114e-07 0.05893909626719057 0.05253940455341506
0 2.0675658307110868e-07 1.654238716882017e-07 0.05893909626719057 0.05253940455341506
0 2.6299155360592197e-07 1.7235329375256737e-07 0.05893909626719057 0.05253940455341506
0 2.534520644178183e-07 1.5844856521295144e-07 0.05893909626719057 0.05253940455341506
0 3.0855265381002055e-07 1.4953543036474493e-07 0.05893909626719057 0.05253940455341506
0 2.979699426084487e-07 9.287168255060954e-08 0.05893909626719057 0.05253940455341506
0 3.122882137264261e-07 1.1078324121769348e-07 0.05893909626719057 0.05253940455341506
0 3.393715143161865e-07 9.411984367206189e-08 0.05893909626719057 0.05253940455341506
0 3.4217328248707083e-07 1.1465854769465808e-07 0.05893909626719057 0.05253940455341506
0 3.6178546323006047e-07 9.295732177778457e-08 0.05893909626719057 0.05253940455341506
0 3.7205835124771554e-07 1.2512159498721426e-07 0.05893909626719057 0.05253940455341506
0 3.851330074362549e-07 1.1194576311197081e-07 0.05893909626719057 0.05253940455341506
0 3.851330074362549e-07 9.877010637120131e-08 0.05893909626719057 0.05253940455341506
0 3.991416518374759e-07 1.2240898552655712e-07 0.05893909626719057 0.05253940455341506
0 4.2155560076530946e-07 1.0923315365131368e-07 0.05893909626719057 0.05253940455341506
0 4.280929288525994e-07 1.2163385418235215e-07 0.05893909626719057 0.05253940455341506
0 4.066129681514069e-07 8.016905557464358e-08 0.05893909626719057 0.05253940455341506
0 4.3089469702348373e-07 9.91576720433038e-08 0.05893909626719057 0.05253940455341506
0 4.5517622944235974e-07 8.675697151226532e-08 0.05893909626719057 0.05253940455341506
0 4.6358133750181197e-07 1.0768306608493387e-07 0.05893909626719057 0.05253940455341506
0 5.02805502520631e-07 1.193088103937975e-07 0.05893909626719057 0.05253940455341506
0 4.953343826878198e-07 1.0574541284645158e-07 0.05893909626719057 0.05253940455341506
0 4.8879685811941e-07 9.64448874481727e-08 0.05893909626719057 0.05253940455341506
0 5.140123787509675e-07 9.877010637120131e-08 0.05893909626719057 0.05253940455341506
