0 7.113746137886885e-09 2.1170219743574e-07 0.05893909626719057 0.05253940455341506
0 1.90210152871747e-08 2.2449028850440701e-07 0.05893909626719057 0.05253940455341506
0 3.65318207921908e-08 1.98914106367073e-07 0.05893909626719057 0.05253940455341506
0 3.892239053915053e-08 2.1268485943576925e-07 0.05893909626719057 0.05253940455341506
0 4.4236535918732276e-08 2.3117505207643586e-07 0.05893909626719057 0.05253940455341506
0 7.622297993131013e-08 2.0807400128397234e-07 0.05893909626719057 0.05253940455341506
0 7.622297993131013e-08 2.2115281039033472e-07 0.05893909626719057 0.05253940455341506
0 7.622297993131013e-08 2.352002709876862e-07 0.05893909626719057 0.05253940455341506
0 1.0832612334321339e-07 2.2987189971322288e-07 0.05893909626719057 0.05253940455341506
0 1.4218034731399404e-07 2.2745000829026108e-07 0.05893909626719057 0.05253940455341506
0 1.4276404083361982e-07 2.172776790478441e-07 0.05893909626719057 0.05253940455341506
0 1.19416300160265e-07 2.0831620794344907e-07 0.05893909626719057 0.05253940455341506
0 1.6377700742847145e-07 2.2575456171125552e-07 0.05893909626719057 0.05253940455341506
0 1.614422333639279e-07 2.3786454419215483e-07 0.05893909626719057 0.05253940455341506
0 2.116396793333127e-07 2.2914527974723654e-07 0.05893909626719057 0.05253940455341506
0 2.0054950251626107e-07 2.1655105908185773e-07 0.05893909626719057 0.05253940455341506
0 2.3090156539720614e-07 2.3907540234262064e-07 0.05893909626719057 0.05253940455341506
0 3.061980290380643e-07 2.289030730877598e-07 0.05893909626719057 0.05253940455341506
