0 6.823698991577395e-09 1.2515950743214322e-07 0.05893909626719057 0.05253940455341506
0 3.624177364588131e-08 1.216717666272811e-07 0.05893909626719057 0.05253940455341506
0 5.6320948495211766e-08 1.1120906960367282e-07 0.05893909626719057 0.05253940455341506
0 2.2233129244660348e-08 1.0791519920209894e-07 0.05893909626719057 0.05253940455341506
0 7.75768720425897e-09 9.667737082184187e-08 0.05893909626719057 0.05253940455341506
0 3.297320782185697e-08 8.892710812441677e-08 0.05893909626719057 0.05253940455341506
0 3.297320782185697e-08 1.4899138133086128e-07 0.05893909626719057 0.05253940455341506
0 6.519305066100481e-08 1.307784216098279e-07 0.05893909626719057 0.05253940455341506
0 3.951053592310645e-08 1.3833481390396477e-07 0.05893909626719057 0.05253940455341506
0 6.05235025179581e-08 1.534477736267125e-07 0.05893909626719057 0.05253940455341506
0 8.293725497863133e-08 1.4705390322685293e-07 0.05893909626719057 0.05253940455341506
0 1.0535100743930456e-07 1.1566546189952403e-07 0.05893909626719057 0.05253940455341506
0 7.82677068495442e-08 1.0307124123414525e-07 0.05893909626719057 0.05253940455341506
0 5.0250418047102276e-08 9.745232704401672e-08 0.05893909626719057 0.05253940455341506
0 1.3174386612851199e-08 1.9394269481455808e-07 0.05893909626719057 0.05253940455341506
0 1.5042166571053976e-08 1.8212360550582808e-07 0.05893909626719057 0.05253940455341506
0 5.379933749749173e-08 1.6565442861998878e-07 0.05893909626719057 0.05253940455341506
0 2.3447274630506235e-08 1.6313551442814593e-07 0.05893909626719057 0.05253940455341506
0 6.73409877923719e-08 1.8909891198107833e-07 0.05893909626719057 0.05253940455341506
0 1.500516276173799e-09 2.0614934980783438e-07 0.05893909626719057 0.05253940455341506
0 4.259246126715512e-08 2.0886195926849152e-07 0.05893909626719057 0.05253940455341506
0 1.1123470095423757e-07 2.1196213440125114e-07 0.05893909626719057 0.05253940455341506
0 9.675906244667582e-08 2.0304934980954872e-07 0.05893909626719057 0.05253940455341506
0 2.157949467230346e-08 2.2126230953058207e-07 0.05893909626719057 0.05253940455341506
0 3.045159682413693e-08 2.3424409586806336e-07 0.05893909626719057 0.05253940455341506
0 8.648617442902078e-08 2.2920626749682144e-07 0.05893909626719057 0.05253940455341506
0 1.0983391510237559e-07 2.3831292249181208e-07 0.05893909626719057 0.05253940455341506
0 1.5232664594521888e-07 2.330813988517559e-07 0.05893909626719057 0.05253940455341506
0 2.0696024123108038e-07 2.3230644262958107e-07 0.05893909626719057 0.05253940455341506
0 1.4999187188067532e-07 2.044055669726403e-07 0.05893909626719057 0.05253940455341506
0 1.397189838630203e-07 1.6546055821670055e-07 0.05893909626719057 0.05253940455341506
0 1.7380660664641133e-07 1.627481238905174e-07 0.05893909626719057 0.05253940455341506
0 2.0509246127287762e-07 1.627481238905174e-07 0.05893909626719057 0.05253940455341506
0 2.064934435779404e-07 1.7844234455418185e-07 0.05893909626719057 0.05253940455341506
0 2.401140722689502e-07 1.8309243211884731e-07 0.05893909626719057 0.05253940455341506
0 2.1536554574373343e-07 1.9355530427692954e-07 0.05893909626719057 0.05253940455341506
0 2.713999268814569e-07 1.6410434105360897e-07 0.05893909626719057 0.05253940455341506
0 2.359115182462039e-07 1.472475984956672e-07 0.05893909626719057 0.05253940455341506
0 1.4111976971488227e-07 2.179684391290082e-07 0.05893909626719057 0.05253940455341506
0 1.4719010369583139e-07 1.1440591723636562e-07 0.05893909626719057 0.05253940455341506
0 1.2104079131875262e-07 1.2564374560417887e-07 0.05893909626719057 0.05253940455341506
0 1.9155081097799744e-07 1.508320118004625e-07 0.05893909626719057 0.05253940455341506
0 2.223698679513237e-07 1.3959418343264924e-07 0.05893909626719057 0.05253940455341506
0 2.555235025220332e-07 1.1614970007155969e-07 0.05893909626719057 0.05253940455341506
0 2.0182389544885325e-07 8.921782616211213e-08 0.05893909626719057 0.05253940455341506
0 1.5979796224519037e-07 8.282378062777862e-08 0.05893909626719057 0.05253940455341506
0 2.224494357273982e-07 8.238367555921943e-08 0.05893909626719057 0.05253940455341506
0 2.9287988759660895e-07 7.352360549844768e-08 0.05893909626719057 0.05253940455341506
0 1.593309681388496e-07 9.871169657270117e-08 0.05893909626719057 0.05253940455341506
0 1.1497026087064312e-07 8.999278238428697e-08 0.05893909626719057 0.05253940455341506
0 6.762114496553622e-08 7.778612739101066e-08 0.05893909626719057 0.05253940455341506
0 7.882802118191325e-08 6.461082090674525e-08 0.05893909626719057 0.05253940455341506
0 1.1991996617289458e-07 6.790469132076298e-08 0.05893909626719057 0.05253940455341506
0 1.7408676381957564e-07 5.782938483478323e-08 0.05893909626719057 0.05253940455341506
0 1.367303787449999e-07 4.930416592762712e-08 0.05893909626719057 0.05253940455341506
0 8.583234338950352e-08 5.279173159801527e-08 0.05893909626719057 0.05253940455341506
0 3.026475989096045e-08 6.151064578642947e-08 0.05893909626719057 0.05253940455341506
0 4.115447513881677e-09 3.787246714408183e-08 0.05893909626719057 0.05253940455341506
0 4.520739250486299e-08 3.96162499792759e-08 0.05893909626719057 0.05253940455341506
0 2.5595211761873326e-08 2.043463877969726e-08 0.05893909626719057 0.05253940455341506
0 5.314550645797447e-08 4.988542686854387e-08 0.05893909626719057 0.05253940455341506
0 1.8445316853041933e-07 4.41696650440082e-08 0.05893909626719057 0.05253940455341506
0 2.208755653923135e-07 1.8400137906807834e-08 0.05893909626719057 0.05253940455341506
0 5.6040791322047454e-08 8.324831420828088e-09 0.05893909626719057 0.05253940455341506
0 2.5221734348721172e-08 4.0623095282650995e-09 0.05893909626719057 0.05253940455341506
0 1.732462923140423e-07 9.487353315105414e-09 0.05893909626719057 0.05253940455341506
0 2.4525061450437816e-07 5.28885792324224e-08 0.05893909626719057 0.05253940455341506
0 2.7887124319538797e-07 5.908875436346768e-08 0.05893909626719057 0.05253940455341506
0 3.185624023205477e-07 6.470766855359622e-08 0.05893909626719057 0.05253940455341506
0 3.0408676382694554e-07 5.3276144904524885e-08 0.05893909626719057 0.05253940455341506
0 3.5451780507610115e-07 5.6570015306098766e-08 0.05893909626719057 0.05253940455341506
0 3.946759583215612e-07 5.153236206933081e-08 0.05893909626719057 0.05253940455341506
0 3.9514295242790203e-07 6.625775611997603e-08 0.05893909626719057 0.05253940455341506
0 4.362348974188833e-07 6.451397327233813e-08 0.05893909626719057 0.05253940455341506
0 4.2362703886952436e-07 5.560118869307954e-08 0.05893909626719057 0.05253940455341506
0 3.1015729427505505e-07 3.893814140395202e-08 0.05893909626719057 0.05253940455341506
0 4.0494904279241706e-07 3.118805384100088e-08 0.05893909626719057 0.05253940455341506
0 4.418382372934917e-07 3.448174910810081e-08 0.05893909626719057 0.05253940455341506
0 4.586115182423461e-07 4.428279989828546e-08 0.05893909626719057 0.05253940455341506
0 4.180236989809565e-07 4.41696650440082e-08 0.05893909626719057 0.05253940455341506
0 4.1895749074043723e-07 2.2856530190215214e-08 0.05893909626719057 0.05253940455341506
0 4.3716888563156494e-07 2.512221961885289e-09 0.05893909626719057 0.05253940455341506
0 3.6572487777359813e-07 2.124656289782804e-09 0.05893909626719057 0.05253940455341506
0 3.9187419015067687e-07 1.0649875209382739e-08 0.05893909626719057 0.05253940455341506
