0 1.1793091313972166e-07 2.3724729726063503e-07 0.05893909626719057 0.05253940455341506
0 1.6089063808890573e-07 2.2523381214519494e-07 0.05893909626719057 0.05253940455341506
0 1.3007177756878026e-07 2.205835494460555e-07 0.05893909626719057 0.05253940455341506
0 9.645095242456963e-08 2.2910911863460338e-07 0.05893909626719057 0.05253940455341506
0 6.18963355348378e-08 2.3511594875333847e-07 0.05893909626719057 0.05253940455341506
0 6.89006577284685e-08 2.2213363701243532e-07 0.05893909626719057 0.05253940455341506
0 8.804584437907695e-08 2.1825833053547072e-07 0.05893909626719057 0.05253940455341506
0 4.228435124504892e-08 2.2872172808453102e-07 0.05893909626719057 0.05253940455341506
0 1.3800068336266208e-08 2.159332867593599e-07 0.05893909626719057 0.05253940455341506
0 4.135036303236735e-08 2.081826737929869e-07 0.05893909626719057 0.05253940455341506
0 6.89006577284685e-08 1.9771945137840058e-07 0.05893909626719057 0.05253940455341506
0 9.645095242456963e-08 2.0372610637510557e-07 0.05893909626719057 0.05253940455341506
0 1.328733492864638e-07 2.066325862266071e-07 0.05893909626719057 0.05253940455341506
0 1.6042364398256495e-07 2.1399563352087762e-07 0.05893909626719057 0.05253940455341506
0 1.9693955753764778e-07 1.9849440760057542e-07 0.05893909626719057 0.05253940455341506
0 1.8900124711737593e-07 2.1225167555120957e-07 0.05893909626719057 0.05253940455341506
0 1.6892226873520586e-07 1.8493101005322947e-07 0.05893909626719057 0.05253940455341506
0 1.4697551038087342e-07 1.899688384244714e-07 0.05893909626719057 0.05253940455341506
0 1.2082600153663426e-07 1.9384414490143599e-07 0.05893909626719057 0.05253940455341506
0 9.32757068544927e-08 1.8454344436868317e-07 0.05893909626719057 0.05253940455341506
0 2.8836021190156588e-08 1.8648109760716547e-07 0.05893909626719057 0.05253940455341506
0 8.627138464690243e-08 1.6264817291404747e-07 0.05893909626719057 0.05253940455341506
0 1.3903719997456115e-07 1.64004565211613e-07 0.05893909626719057 0.05253940455341506
0 1.777943709009989e-07 1.5586638658558135e-07 0.05893909626719057 0.05253940455341506
0 1.4790930212639462e-07 1.531537771249242e-07 0.05893909626719057 0.05253940455341506
0 1.12887691130322e-07 1.545099942880158e-07 0.05893909626719057 0.05253940455341506
0 8.30026223696773e-08 1.504409925297931e-07 0.05893909626719057 0.05253940455341506
0 1.6005016656941282e-07 1.3377741984968755e-07 0.05893909626719057 0.05253940455341506
0 1.3156588366063009e-07 1.3881524822092948e-07 0.05893909626719057 0.05253940455341506
0 1.0074702315446419e-07 1.361024636382422e-07 0.05893909626719057 0.05253940455341506
0 4.984898778500824e-08 1.2331402230062725e-07 0.05893909626719057 0.05253940455341506
0 4.9381993678667453e-08 1.3590876836942792e-07 0.05893909626719057 0.05253940455341506
0 1.622816264079761e-08 1.2563924122365588e-07 0.05893909626719057 0.05253940455341506
0 1.8760046126551396e-07 1.2137654419661893e-07 0.05893909626719057 0.05253940455341506
0 1.8059613907188325e-07 1.1110701705084687e-07 0.05893909626719057 0.05253940455341506
0 1.5771539250486925e-07 1.0413153544112267e-07 0.05893909626719057 0.05253940455341506
0 1.4510773042267064e-07 1.1788862825728286e-07 0.05893909626719057 0.05253940455341506
0 1.306320919151089e-07 1.0820053718690152e-07 0.05893909626719057 0.05253940455341506
0 1.231607756151374e-07 1.2428284892609032e-07 0.05893909626719057 0.05253940455341506
0 1.0168081489998538e-07 1.1381962651150401e-07 0.05893909626719057 0.05253940455341506
0 7.506450841656582e-08 1.1788862825728286e-07 0.05893909626719057 0.05253940455341506
0 6.245664986720685e-08 1.031627088156596e-07 0.05893909626719057 0.05253940455341506
0 2.83690270838158e-08 1.0219388220264037e-07 0.05893909626719057 0.05253940455341506
