0 4.4250372256003574e-07 1.9501307770798916e-08 0.05893909626719057 0.05253940455341506
0 4.7425657129284276e-07 2.5313917229741713e-08 0.05893909626719057 0.05253940455341506
0 4.7052101136247766e-07 4.236470532544567e-08 0.05893909626719057 0.05253940455341506
0 5.047940958508013e-07 4.302302406608322e-08 0.05893909626719057 0.05253940455341506
0 5.00367573257668e-07 5.5763654538487694e-08 0.05893909626719057 0.05253940455341506
0 4.873312274813821e-07 6.600340934632753e-08 0.05893909626719057 0.05253940455341506
0 4.7425657129284276e-07 7.724141284861474e-08 0.05893909626719057 0.05253940455341506
0 4.4623928249040084e-07 8.111654420354919e-08 0.05893909626719057 0.05253940455341506
0 4.602479268916218e-07 5.476540584404033e-08 0.05893909626719057 0.05253940455341506
0 4.322306380891799e-07 6.794088746277969e-08 0.05893909626719057 0.05253940455341506
0 4.3409841804738263e-07 4.585244613030778e-08 0.05893909626719057 0.05253940455341506
0 4.415697343473541e-07 3.3064355061640766e-08 0.05893909626719057 0.05253940455341506
0 4.0701511745762233e-07 3.538939885019542e-08 0.05893909626719057 0.05253940455341506
0 3.6685716067932255e-07 3.538939885019542e-08 0.05893909626719057 0.05253940455341506
0 3.649891842539594e-07 4.54648804582053e-08 0.05893909626719057 0.05253940455341506
0 3.472449799363329e-07 3.9652095864788535e-08 0.05893909626719057 0.05253940455341506
0 3.537823080236228e-07 5.050270882944721e-08 0.05893909626719057 0.05253940455341506
0 3.537823080236228e-07 6.755349691270734e-08 0.05893909626719057 0.05253940455341506
0 3.780640369096592e-07 6.677836556850237e-08 0.05893909626719057 0.05253940455341506
0 4.1448643377155334e-07 6.251566854146543e-08 0.05893909626719057 0.05253940455341506
0 3.8740313318179304e-07 5.3602883962206836e-08 0.05893909626719057 0.05253940455341506
