0 8.337722559521754e-09 1.3835390322564295e-07 0.05893909626719057 0.05253940455341506
0 3.635501136196368e-08 1.8621152143881115e-07 0.05893909626719057 0.05253940455341506
0 7.604617050108301e-08 1.8911782616828254e-07 0.05893909626719057 0.05253940455341506
0 7.324440233019866e-08 1.670297350923147e-07 0.05893909626719057 0.05253940455341506
0 7.231061058467745e-08 1.5443551442693592e-07 0.05893909626719057 0.05253940455341506
0 4.6628095846779095e-08 1.3951642511992027e-07 0.05893909626719057 0.05253940455341506
0 6.48392942707464e-08 1.2905355296183802e-07 0.05893909626719057 0.05253940455341506
0 8.594558111954548e-08 2.0190574210247558e-07 0.05893909626719057 0.05253940455341506
0 1.0835933356625912e-07 1.743924321176373e-07 0.05893909626719057 0.05253940455341506
0 1.5365402904714716e-07 1.5094794875654776e-07 0.05893909626719057 0.05253940455341506
0 1.9381198582544688e-07 1.3777264228472618e-07 0.05893909626719057 0.05253940455341506
0 1.569225948711715e-07 1.3680381565926314e-07 0.05893909626719057 0.05253940455341506
0 1.307732824940927e-07 1.3215372809459764e-07 0.05893909626719057 0.05253940455341506
0 9.06151292486326e-08 1.294411186339405e-07 0.05893909626719057 0.05253940455341506
0 2.33970139070907e-07 1.6237964752764924e-07 0.05893909626719057 0.05253940455341506
0 1.989485280608748e-07 1.5637316767786204e-07 0.05893909626719057 0.05253940455341506
0 2.6338821372521093e-07 1.404852517329395e-07 0.05893909626719057 0.05253940455341506
0 2.942072706985372e-07 1.391288594478178e-07 0.05893909626719057 0.05253940455341506
0 2.8862161254729226e-07 1.6660223948189165e-07 0.05893909626719057 0.05253940455341506
0 3.362330074350397e-07 1.600546037515384e-07 0.05893909626719057 0.05253940455341506
0 3.4043575792494644e-07 1.4610416592306804e-07 0.05893909626719057 0.05253940455341506
0 3.2315835124650034e-07 1.3583498903380007e-07 0.05893909626719057 0.05253940455341506
0 3.549111999793074e-07 1.34091206198606e-07 0.05893909626719057 0.05253940455341506
0 3.675190585147068e-07 1.51141819159836e-07 0.05893909626719057 0.05253940455341506
0 3.6798605262104755e-07 1.6567351794166694e-07 0.05893909626719057 0.05253940455341506
0 3.777919465323618e-07 1.4126020795511434e-07 0.05893909626719057 0.05253940455341506
0 3.437043237489708e-07 1.2440346539717256e-07 0.05893909626719057 0.05253940455341506
0 3.9245442197310003e-07 1.707111711784349e-07 0.05893909626719057 0.05253940455341506
0 3.9152043376041847e-07 1.5617947239660394e-07 0.05893909626719057 0.05253940455341506
0 4.0506208405529864e-07 1.4513533929760497e-07 0.05893909626719057 0.05253940455341506
0 4.5876188759563894e-07 1.3757877188143798e-07 0.05893909626719057 0.05253940455341506
0 4.125334003692297e-07 1.34091206198606e-07 0.05893909626719057 0.05253940455341506
0 4.797748541904906e-07 1.4552290496970745e-07 0.05893909626719057 0.05253940455341506
0 2.3378330213773053e-07 5.707334279981258e-08 0.05893909626719057 0.05253940455341506
0 1.5953752610887937e-07 4.370416592470278e-08 0.05893909626719057 0.05253940455341506
0 2.5152750645535706e-07 6.811747589881156e-08 0.05893909626719057 0.05253940455341506
0 2.777469563523273e-07 7.647456872237358e-08 0.05893909626719057 0.05253940455341506
0 3.1129764397664647e-07 5.4748299023701756e-08 0.05893909626719057 0.05253940455341506
0 2.7020569898566513e-07 4.525425349108259e-08 0.05893909626719057 0.05253940455341506
0 3.070950899539001e-07 7.95489995478829e-08 0.05893909626719057 0.05253940455341506
0 3.369801587145448e-07 8.284286994945678e-08 0.05893909626719057 0.05253940455341506
0 3.8787819408400075e-07 7.393008535775436e-08 0.05893909626719057 0.05253940455341506
0 3.4631925498667865e-07 1.1209996276948912e-07 0.05893909626719057 0.05253940455341506
0 3.8227485419543287e-07 1.0551222196634136e-07 0.05893909626719057 0.05253940455341506
0 3.5986090528155883e-07 9.524322021154734e-08 0.05893909626719057 0.05253940455341506
0 4.0655638661430887e-07 8.671800129194741e-08 0.05893909626719057 0.05253940455341506
0 4.280363473155013e-07 7.354251968565188e-08 0.05893909626719057 0.05253940455341506
0 3.785390978118669e-07 5.7460908484358895e-08 0.05893909626719057 0.05253940455341506
0 4.042216125497653e-07 5.339208186061017e-08 0.05893909626719057 0.05253940455341506
0 3.197029485032591e-07 4.176668780825061e-08 0.05893909626719057 0.05253940455341506
0 3.687332039005527e-07 4.176668780825061e-08 0.05893909626719057 0.05253940455341506
0 1.268508856305511e-07 1.215940083021083e-07 0.05893909626719057 0.05253940455341506
0 1.7868271274552825e-07 1.1520013790224874e-07 0.05893909626719057 0.05253940455341506
0 1.0070137678631196e-07 1.1771887695961767e-07 0.05893909626719057 0.05253940455341506
0 8.342397010786585e-08 1.0570609236962957e-07 0.05893909626719057 0.05253940455341506
0 4.4986247698313914e-07 7.99440958654835e-08 0.05893909626719057 0.05253940455341506
0 4.6955638661304824e-07 6.775267731012123e-08 0.05893909626719057 0.05253940455341506
0 4.358811410286249e-07 5.3779472398238694e-08 0.05893909626719057 0.05253940455341506
0 4.961182726702147e-07 4.874181916147074e-08 0.05893909626719057 0.05253940455341506
0 5.104070742306404e-07 3.023831653721598e-08 0.05893909626719057 0.05253940455341506
0 4.7211670095734265e-07 4.883884193035183e-08 0.05893909626719057 0.05253940455341506
0 4.445664062612415e-07 3.236948991003858e-08 0.05893909626719057 0.05253940455341506
0 4.412978404511767e-07 1.493166154565401e-08 0.05893909626719057 0.05253940455341506
0 4.137475457550756e-07 3.798840410016711e-08 0.05893909626719057 0.05253940455341506
0 4.2215265380056826e-07 2.132553194551356e-08 0.05893909626719057 0.05253940455341506
0 1.8081041412232586e-07 3.037316766806163e-08 0.05893909626719057 0.05253940455341506
0 2.0994833160346545e-07 3.626336031770328e-08 0.05893909626719057 0.05253940455341506
0 2.4058055164361527e-07 2.045302756347958e-08 0.05893909626719057 0.05253940455341506
0 2.6150019801243866e-07 3.254322020969255e-08 0.05893909626719057 0.05253940455341506
0 3.814139504681696e-07 1.4252852432434296e-08 0.05893909626719057 0.05253940455341506
0 1.796897854296686e-07 1.0532712336867397e-08 0.05893909626719057 0.05253940455341506
0 1.4121277167639517e-07 1.6112922492661575e-08 0.05893909626719057 0.05253940455341506
0 1.4644263415181091e-07 3.0063185186657996e-08 0.05893909626719057 0.05253940455341506
0 2.42822005468171e-07 4.168857922657372e-08 0.05893909626719057 0.05253940455341506
