0 1.084952235522725e-07 2.3834237956529227e-07 0.05893909626719057 0.05253940455341506
0 8.958363219539441e-08 2.389236405186529e-07 0.05893909626719057 0.05253940455341506
0 2.7767282668506786e-07 2.3480612738221155e-07 0.05893909626719057 0.05253940455341506
0 2.3856536106557433e-07 2.3819702055266652e-07 0.05893909626719057 0.05253940455341506
0 2.508229249218775e-07 2.2657110110932892e-07 0.05893909626719057 0.05253940455341506
0 2.257241037036049e-07 2.2947758097327428e-07 0.05893909626719057 0.05253940455341506
0 1.9770681490116298e-07 2.3553274734819788e-07 0.05893909626719057 0.05253940455341506
0 1.7727754181197755e-07 2.3214185417774292e-07 0.05893909626719057 0.05253940455341506
0 1.854492510448598e-07 2.2269579463236432e-07 0.05893909626719057 0.05253940455341506
0 1.2999856342676212e-07 2.243912412113699e-07 0.05893909626719057 0.05253940455341506
0 1.5042783651594756e-07 2.222113813258547e-07 0.05893909626719057 0.05253940455341506
0 1.0198127462432019e-07 2.2923537431379755e-07 0.05893909626719057 0.05253940455341506
0 9.847911352052504e-08 2.1760945488290377e-07 0.05893909626719057 0.05253940455341506
0 9.380956539143792e-08 2.0428826398259073e-07 0.05893909626719057 0.05253940455341506
0 1.2591270881730076e-07 2.0913239708501837e-07 0.05893909626719057 0.05253940455341506
0 1.5159502708803875e-07 2.0671033054002647e-07 0.05893909626719057 0.05253940455341506
0 2.1871978149601465e-07 2.1882048815539973e-07 0.05893909626719057 0.05253940455341506
0 2.397327481048259e-07 2.1131208184850343e-07 0.05893909626719057 0.05253940455341506
0 3.097759701109307e-07 2.2342241459835066e-07 0.05893909626719057 0.05253940455341506
0 3.056901154875098e-07 2.1349194174646246e-07 0.05893909626719057 0.05253940455341506
0 3.4304630409492516e-07 2.1882048815539973e-07 0.05893909626719057 0.05253940455341506
0 3.669777382739462e-07 2.120387018144898e-07 0.05893909626719057 0.05253940455341506
0 3.30788740238622e-07 2.076791571530457e-07 0.05893909626719057 0.05253940455341506
0 3.13861824720392e-07 2.0283502405061804e-07 0.05893909626719057 0.05253940455341506
0 9.43932589110637e-08 1.9169351792623388e-07 0.05893909626719057 0.05253940455341506
0 1.2357793473879762e-07 1.9726427099464788e-07 0.05893909626719057 0.05253940455341506
0 1.6618736499492593e-07 1.9484220443721214e-07 0.05893909626719057 0.05253940455341506
0 1.9887420194041457e-07 1.9871751091417674e-07 0.05893909626719057 0.05253940455341506
0 2.3156103887194363e-07 1.982330976076671e-07 0.05893909626719057 0.05253940455341506
0 2.619131017389291e-07 1.979908909481904e-07 0.05893909626719057 0.05253940455341506
0 1.194920801293363e-07 1.7788773858493728e-07 0.05893909626719057 0.05253940455341506
0 1.189083866097105e-07 1.6723064576706272e-07 0.05893909626719057 0.05253940455341506
0 1.475093689317782e-07 1.7207477886949038e-07 0.05893909626719057 0.05253940455341506
0 1.4400720782798308e-07 1.5560472633616896e-07 0.05893909626719057 0.05253940455341506
0 1.7144060664363885e-07 1.4446339533381493e-07 0.05893909626719057 0.05253940455341506
0 1.7902862237085489e-07 1.6117547939213912e-07 0.05893909626719057 0.05253940455341506
0 2.4148382864974365e-07 1.6698843912002983e-07 0.05893909626719057 0.05253940455341506
0 2.7767282668506786e-07 1.5342486643820993e-07 0.05893909626719057 0.05253940455341506
0 2.7767282668506786e-07 1.621443060176022e-07 0.05893909626719057 0.05253940455341506
0 3.0744119604638713e-07 1.6141768605161583e-07 0.05893909626719057 0.05253940455341506
0 3.027716479033404e-07 1.7619229200593169e-07 0.05893909626719057 0.05253940455341506
0 3.284539661740784e-07 1.706215389375177e-07 0.05893909626719057 0.05253940455341506
0 3.1853137286343874e-07 1.8902924472176525e-07 0.05893909626719057 0.05253940455341506
0 2.940162451508324e-07 1.9120910461972428e-07 0.05893909626719057 0.05253940455341506
0 3.465484651987203e-07 1.977486843011575e-07 0.05893909626719057 0.05253940455341506
0 3.590396243347943e-07 2.2996199427978389e-07 0.05893909626719057 0.05253940455341506
0 3.8647321961761044e-07 2.3747040058668018e-07 0.05893909626719057 0.05253940455341506
0 4.407565202104161e-07 2.2778213438182488e-07 0.05893909626719057 0.05253940455341506
0 4.074859897592613e-07 2.2778213438182488e-07 0.05893909626719057 0.05253940455341506
0 3.7888520390435393e-07 2.2487565453032335e-07 0.05893909626719057 0.05253940455341506
0 3.940610388637065e-07 2.1082766854199383e-07 0.05893909626719057 0.05253940455341506
0 4.179924730566871e-07 2.1712504156395032e-07 0.05893909626719057 0.05253940455341506
0 3.8472213907269263e-07 2.0065516416510287e-07 0.05893909626719057 0.05253940455341506
0 4.2091094064085644e-07 2.0501488394857707e-07 0.05893909626719057 0.05253940455341506
0 4.530140840527597e-07 2.0065516416510287e-07 0.05893909626719057 0.05253940455341506
0 4.448423748198775e-07 1.8806041809630218e-07 0.05893909626719057 0.05253940455341506
0 4.606020997799758e-07 1.7304360549495345e-07 0.05893909626719057 0.05253940455341506
0 4.3375219800282587e-07 1.7643449866540842e-07 0.05893909626719057 0.05253940455341506
0 4.104044573434306e-07 1.902402779942612e-07 0.05893909626719057 0.05253940455341506
0 3.8647321961761044e-07 1.841851116193376e-07 0.05893909626719057 0.05253940455341506
0 4.069022962396355e-07 1.6747285242653945e-07 0.05893909626719057 0.05253940455341506
0 3.590396243347943e-07 1.6529299252858042e-07 0.05893909626719057 0.05253940455341506
0 3.7946889741002013e-07 1.5899561950662393e-07 0.05893909626719057 0.05253940455341506
0 4.2032724712123066e-07 1.585112061876705e-07 0.05893909626719057 0.05253940455341506
0 4.419239072357081e-07 1.5899561950662393e-07 0.05893909626719057 0.05253940455341506
0 3.3218972255764436e-07 1.5027617991478786e-07 0.05893909626719057 0.05253940455341506
0 3.50867915101912e-07 1.5415148640419627e-07 0.05893909626719057 0.05253940455341506
0 3.409451253101524e-07 1.4058808885685034e-07 0.05893909626719057 0.05253940455341506
0 3.642928659835072e-07 1.4349456870835187e-07 0.05893909626719057 0.05253940455341506
0 4.220783276661485e-07 1.4543222194683416e-07 0.05893909626719057 0.05253940455341506
0 4.0340013513584035e-07 1.4373677536782857e-07 0.05893909626719057 0.05253940455341506
0 3.7888520390435393e-07 1.2944658272002234e-07 0.05893909626719057 0.05253940455341506
0 3.7946889741002013e-07 1.1660963000418878e-07 0.05893909626719057 0.05253940455341506
0 3.572885437759169e-07 1.1079667028874189e-07 0.05893909626719057 0.05253940455341506
0 3.2576909388363946e-07 1.1152329025472824e-07 0.05893909626719057 0.05253940455341506
0 3.3043864201272655e-07 9.820209935441519e-08 0.05893909626719057 0.05253940455341506
0 3.403614317905266e-07 9.43267928774506e-08 0.05893909626719057 0.05253940455341506
0 3.718808816967637e-07 9.505341284343693e-08 0.05893909626719057 0.05253940455341506
0 3.8063628444927175e-07 1.0498371057329501e-07 0.05893909626719057 0.05253940455341506
0 3.9172626479916296e-07 9.62644461159329e-08 0.05893909626719057 0.05253940455341506
0 4.2266202118577426e-07 1.1418756345919687e-07 0.05893909626719057 0.05253940455341506
0 4.238294082250258e-07 1.2532906958358104e-07 0.05893909626719057 0.05253940455341506
0 4.325848109775339e-07 1.3404850916297327e-07 0.05893909626719057 0.05253940455341506
0 4.4600976185912904e-07 1.1467197676570648e-07 0.05893909626719057 0.05253940455341506
0 4.3200111745790806e-07 9.069369305996272e-08 0.05893909626719057 0.05253940455341506
0 3.9230995831878874e-07 7.519246713966053e-08 0.05893909626719057 0.05253940455341506
0 3.823873649941895e-07 8.4880733332072e-08 0.05893909626719057 0.05253940455341506
0 4.179924730566871e-07 7.228598727571518e-08 0.05893909626719057 0.05253940455341506
0 4.6527164790906295e-07 8.85138331620037e-08 0.05893909626719057 0.05253940455341506
0 5.048461076348972e-07 1.5051838657426456e-07 0.05893909626719057 0.05253940455341506
0 4.628201744312344e-07 1.459166352657876e-07 0.05893909626719057 0.05253940455341506
0 4.949233178431377e-07 1.2387582966405218e-07 0.05893909626719057 0.05253940455341506
0 5.124341233481537e-07 1.0159299252487016e-07 0.05893909626719057 0.05253940455341506
0 4.955070113627634e-07 9.456899953692732e-08 0.05893909626719057 0.05253940455341506
0 4.4997891706926495e-07 6.598861424131484e-08 0.05893909626719057 0.05253940455341506
0 4.4647675596546985e-07 5.581610986442387e-08 0.05893909626719057 0.05253940455341506
0 4.680734160799473e-07 4.637005031904529e-08 0.05893909626719057 0.05253940455341506
0 4.791635928969989e-07 5.581610986442387e-08 0.05893909626719057 0.05253940455341506
0 5.136015103874053e-07 7.373922720768785e-08 0.05893909626719057 0.05253940455341506
0 4.96674398402015e-07 4.5159017046549334e-08 0.05893909626719057 0.05253940455341506
