0 5.417577364409858e-08 5.993132646701283e-09 0.05893909626719057 0.05253940455341506
0 2.1955930818910318e-08 2.796285014008489e-09 0.05893909626719057 0.05253940455341506
0 1.6435536101702407e-09 1.4421503919450256e-08 0.05893909626719057 0.05253940455341506
0 3.044339462032229e-09 3.709085593633483e-08 0.05893909626719057 0.05253940455341506
0 4.4369879732784333e-08 4.203166153869566e-08 0.05893909626719057 0.05253940455341506
0 6.328147108966242e-08 2.662815891272656e-08 0.05893909626719057 0.05253940455341506
0 1.3550822759458057e-08 5.075057572710985e-08 0.05893909626719057 0.05253940455341506
0 1.4951608611320044e-08 8.010469131602329e-08 0.05893909626719057 0.05253940455341506
0 4.647105851755711e-08 5.8597686058942084e-08 0.05893909626719057 0.05253940455341506
0 8.91973846401712e-08 6.586353544985756e-08 0.05893909626719057 0.05253940455341506
0 6.328147108966242e-08 8.068595225694004e-08 0.05893909626719057 0.05253940455341506
0 7.945357324872846e-08 9.105180164614118e-08 0.05893909626719057 0.05253940455341506
0 8.003726676835424e-08 1.0146616241356095e-07 0.05893909626719057 0.05253940455341506
0 5.377125497799047e-08 1.1139610987447111e-07 0.05893909626719057 0.05253940455341506
0 2.575396617554854e-08 1.0146616241356095e-07 0.05893909626719057 0.05253940455341506
0 7.361663808038975e-08 1.3997509411917958e-07 0.05893909626719057 0.05253940455341506
0 2.5229286598574826e-07 1.466516265202583e-07 0.05893909626719057 0.05253940455341506
0 2.424867756072736e-07 1.6379908711589544e-07 0.05893909626719057 0.05253940455341506
0 2.681032785518909e-07 1.7994707310065514e-07 0.05893909626719057 0.05253940455341506
0 2.193726302276492e-07 1.7048367555345034e-07 0.05893909626719057 0.05253940455341506
0 1.9695887776697596e-07 1.5943954245445134e-07 0.05893909626719057 0.05253940455341506
0 1.892539661732741e-07 1.7193674035094904e-07 0.05893909626719057 0.05253940455341506
0 2.186722372947384e-07 1.9315302757033492e-07 0.05893909626719057 0.05253940455341506
0 1.955578954479536e-07 1.9082798378178027e-07 0.05893909626719057 0.05253940455341506
0 1.6053628445188099e-07 1.7077421845667171e-07 0.05893909626719057 0.05253940455341506
0 1.3041781686466629e-07 1.94025006548947e-07 0.05893909626719057 0.05253940455341506
0 9.679718818761603e-08 1.8995600480316815e-07 0.05893909626719057 0.05253940455341506
0 1.2481428052289758e-07 1.8298087344994804e-07 0.05893909626719057 0.05253940455341506
0 1.0800406440399307e-07 1.742617841395037e-07 0.05893909626719057 0.05253940455341506
0 9.329502708382089e-08 1.5537071583070262e-07 0.05893909626719057 0.05253940455341506
0 1.1921094063432968e-07 1.5013919219064644e-07 0.05893909626719057 0.05253940455341506
0 1.4932940822154438e-07 1.4200153895559284e-07 0.05893909626719057 0.05253940455341506
0 1.4022390724314092e-07 1.6031134631103333e-07 0.05893909626719057 0.05253940455341506
0 2.4038559682250087e-07 1.277603830894271e-07 0.05893909626719057 0.05253940455341506
0 2.2509600940143056e-07 1.1452920970347506e-07 0.05893909626719057 0.05253940455341506
0 1.3532076382032342e-07 1.0363779114056984e-07 0.05893909626719057 0.05253940455341506
0 1.066030820849707e-07 1.0102220444879379e-07 0.05893909626719057 0.05253940455341506
0 1.227131017381248e-07 1.1090364053148532e-07 0.05893909626719057 0.05253940455341506
0 1.7104276774930682e-07 1.1816948990995696e-07 0.05893909626719057 0.05253940455341506
0 1.486290152886336e-07 1.190414689010129e-07 0.05893909626719057 0.05253940455341506
0 1.0310092099513514e-07 1.2543533930087245e-07 0.05893909626719057 0.05253940455341506
0 1.0622960468577812e-07 3.143395344368512e-09 0.05893909626719057 0.05253940455341506
0 1.02727443581983e-07 2.9300313031641235e-08 0.05893909626719057 0.05253940455341506
0 1.3483058700784584e-07 2.808927975914528e-08 0.05893909626719057 0.05253940455341506
0 1.5876202118686685e-07 1.5010820909287004e-08 0.05893909626719057 0.05253940455341506
0 1.803584848481435e-07 1.9854778877240697e-08 0.05893909626719057 0.05253940455341506
0 2.0312253198791293e-07 1.2831136145801943e-08 0.05893909626719057 0.05253940455341506
0 1.9086496814556933e-07 2.1745687189054485e-09 0.05893909626719057 0.05253940455341506
0 2.393115300232371e-07 4.596460141867232e-09 0.05893909626719057 0.05253940455341506
0 2.223844180378468e-07 1.8159332298235127e-08 0.05893909626719057 0.05253940455341506
0 1.1496162826498901e-07 7.595180165047752e-08 0.05893909626719057 0.05253940455341506
0 1.336398207952971e-07 6.297019043502638e-08 0.05893909626719057 0.05253940455341506
0 1.4204492885474937e-07 7.265793124890364e-08 0.05893909626719057 0.05253940455341506
0 1.6726044947234736e-07 6.742658273087759e-08 0.05893909626719057 0.05253940455341506
0 1.873396243356374e-07 5.1732362067213136e-08 0.05893909626719057 0.05253940455341506
0 2.2562980115573437e-07 7.692062826349676e-08 0.05893909626719057 0.05253940455341506
0 2.6065141215180697e-07 6.665145138667262e-08 0.05893909626719057 0.05253940455341506
0 2.3123333749750308e-07 5.463866679668454e-08 0.05893909626719057 0.05253940455341506
0 2.541140840505575e-07 4.553218693616785e-08 0.05893909626719057 0.05253940455341506
0 2.1442292492539776e-07 3.100048816678073e-08 0.05893909626719057 0.05253940455341506
0 2.727920801276648e-07 3.5069314778085625e-08 0.05893909626719057 0.05253940455341506
0 2.6438697206821254e-07 2.2668964515995055e-08 0.05893909626719057 0.05253940455341506
0 2.8119738464031783e-07 1.1431311282655774e-08 0.05893909626719057 0.05253940455341506
0 2.876413925015795e-07 5.521992773760129e-08 0.05893909626719057 0.05253940455341506
0 3.0118304279645965e-07 4.030083843058563e-08 0.05893909626719057 0.05253940455341506
0 3.0912115674957113e-07 2.5381573976652194e-08 0.05893909626719057 0.05253940455341506
0 3.105221390685935e-07 1.5112572221858185e-08 0.05893909626719057 0.05253940455341506
0 3.52547875805096e-07 8.331136149896154e-09 0.05893909626719057 0.05253940455341506
0 3.404072078292382e-07 1.627509411613551e-08 0.05893909626719057 0.05253940455341506
0 3.2172901529893014e-07 3.27442710019748e-08 0.05893909626719057 0.05253940455341506
0 3.656227284607958e-07 1.8794008307978386e-08 0.05893909626719057 0.05253940455341506
0 3.4974630410137206e-07 3.17756195109857e-08 0.05893909626719057 0.05253940455341506
0 3.5628363218866193e-07 4.4563360323148624e-08 0.05893909626719057 0.05253940455341506
0 3.366714514456723e-07 5.715758098852741e-08 0.05893909626719057 0.05253940455341506
0 3.642217461417734e-07 5.812623246707268e-08 0.05893909626719057 0.05253940455341506
0 3.5534964397598036e-07 7.304549692100612e-08 0.05893909626719057 0.05253940455341506
0 3.7589561647845085e-07 6.626406083660026e-08 0.05893909626719057 0.05253940455341506
0 4.1091722747452345e-07 6.025758098681307e-08 0.05893909626719057 0.05253940455341506
0 3.8943726677333103e-07 4.746966504017619e-08 0.05893909626719057 0.05253940455341506
0 3.899510192262661e-07 8.098945488724548e-08 0.05893909626719057 0.05253940455341506
0 4.151665398578237e-07 8.002062827422625e-08 0.05893909626719057 0.05253940455341506
0 4.034926695211463e-07 9.610241460999319e-08 0.05893909626719057 0.05253940455341506
0 4.301370703059545e-07 9.076458623570586e-08 0.05893909626719057 0.05253940455341506
0 4.791392314018594e-07 1.0327124123202758e-07 0.05893909626719057 0.05253940455341506
0 4.6699836695884123e-07 9.222728325505872e-08 0.05893909626719057 0.05253940455341506
0 4.945486616549424e-07 7.633936732258e-08 0.05893909626719057 0.05253940455341506
0 5.113590742270477e-07 6.490766855147855e-08 0.05893909626719057 0.05253940455341506
0 3.2924689349229514e-07 9.646014596144249e-11 0.05893909626719057 0.05253940455341506
0 4.277742019400223e-07 2.1309610188508694e-09 0.05893909626719057 0.05253940455341506
0 4.6746536106518204e-07 5.231136151610491e-09 0.05893909626719057 0.05253940455341506
0 4.371132981981965e-07 8.718701821998638e-09 0.05893909626719057 0.05253940455341506
0 4.263734160742007e-07 1.76313112792271e-08 0.05893909626719057 0.05253940455341506
0 4.469193885766712e-07 2.7319227215134488e-08 0.05893909626719057 0.05253940455341506
0 4.609280329778921e-07 3.9719577477225055e-08 0.05893909626719057 0.05253940455341506
0 5.132268541992101e-07 3.6425707075651173e-08 0.05893909626719057 0.05253940455341506
