0 4.74855663627632e-07 1.0360894467342066e-08 0.05893909626719057 0.05253940455341506
0 4.902982962445158e-07 1.8717987278460257e-08 0.05893909626719057 0.05253940455341506
0 4.4450360076064647e-07 1.966124473114697e-08 0.05893909626719057 0.05253940455341506
0 4.114619504611709e-07 1.3484362062048055e-08 0.05893909626719057 0.05253940455341506
0 3.4123189152188963e-07 4.882551793501027e-08 0.05893909626719057 0.05253940455341506
0 3.4123189152188963e-07 3.5030071341019795e-08 0.05893909626719057 0.05253940455341506
0 3.7410556540055475e-07 1.673935330725745e-08 0.05893909626719057 0.05253940455341506
0 4.189330703079416e-07 3.766509761097808e-08 0.05893909626719057 0.05253940455341506
0 3.8344466167268854e-07 7.943900304016433e-08 0.05893909626719057 0.05253940455341506
0 3.744790427997473e-07 6.610853018694506e-08 0.05893909626719057 0.05253940455341506
0 3.419790428013947e-07 6.331851268250687e-08 0.05893909626719057 0.05253940455341506
0 3.0200772650307065e-07 7.881903807735705e-08 0.05893909626719057 0.05253940455341506
0 2.747375889801338e-07 6.533357397721404e-08 0.05893909626719057 0.05253940455341506
0 3.445939740391026e-07 8.889434455089298e-08 0.05893909626719057 0.05253940455341506
0 3.8195035911367837e-07 9.199434454917863e-08 0.05893909626719057 0.05253940455341506
0 3.759733453587575e-07 1.088899662634849e-07 0.05893909626719057 0.05253940455341506
0 3.468354278776179e-07 1.0578979113072527e-07 0.05893909626719057 0.05253940455341506
0 2.956478050788146e-07 1.370777070743569e-07 0.05893909626719057 0.05253940455341506
0 3.325371960470496e-07 1.2971501004903426e-07 0.05893909626719057 0.05253940455341506
0 3.554179426140636e-07 1.2525844263115293e-07 0.05893909626719057 0.05253940455341506
0 3.8928965184104725e-07 1.227612447283223e-07 0.05893909626719057 0.05253940455341506
0 2.9844957326365855e-07 1.2390222546806134e-07 0.05893909626719057 0.05253940455341506
0 3.1992953396485103e-07 1.1557070181727567e-07 0.05893909626719057 0.05253940455341506
0 2.9237923926874986e-07 1.1498944087635893e-07 0.05893909626719057 0.05253940455341506
0 2.51754091916949e-07 1.3436509761369976e-07 0.05893909626719057 0.05253940455341506
0 2.302743276829169e-07 1.6187858273301197e-07 0.05893909626719057 0.05253940455341506
0 2.307413217892577e-07 1.841605441998242e-07 0.05893909626719057 0.05253940455341506
0 2.1112914103230842e-07 1.7582902056148236e-07 0.05893909626719057 0.05253940455341506
0 2.9471401333329346e-07 1.7776667379996466e-07 0.05893909626719057 0.05253940455341506
0 2.979825791573178e-07 1.8803567555475866e-07 0.05893909626719057 0.05253940455341506
0 3.2926863023698483e-07 1.9423585068580394e-07 0.05893909626719057 0.05253940455341506
0 3.049869013509485e-07 2.045050275626281e-07 0.05893909626719057 0.05253940455341506
0 3.619554671685139e-07 2.0392376662171132e-07 0.05893909626719057 0.05253940455341506
0 3.811004573380024e-07 1.7989784717278724e-07 0.05893909626719057 0.05253940455341506
0 4.1939083062525976e-07 1.8551693649738975e-07 0.05893909626719057 0.05253940455341506
0 4.03514406265836e-07 1.7272884542872274e-07 0.05893909626719057 0.05253940455341506
0 4.36890634164729e-07 1.7865196276216488e-07 0.05893909626719057 0.05253940455341506
0 4.3199849270745837e-07 1.963671991931005e-07 0.05893909626719057 0.05253940455341506
0 4.716896518465777e-07 1.9752972108737782e-07 0.05893909626719057 0.05253940455341506
0 3.628892589140351e-07 1.655598436722144e-07 0.05893909626719057 0.05253940455341506
0 3.577527166786072e-07 1.5122184017164152e-07 0.05893909626719057 0.05253940455341506
0 3.311364101951876e-07 1.4657175260697605e-07 0.05893909626719057 0.05253940455341506
0 3.7596411156973487e-07 1.4056527274474503e-07 0.05893909626719057 0.05253940455341506
