0 4.3326017835797827e-07 2.0987668430414874e-07 0.05893909626719057 0.05253940455341506
0 4.6081047305407943e-07 2.0793920618769657e-07 0.05893909626719057 0.05253940455341506
0 5.051711803222859e-07 2.0522659673948325e-07 0.05893909626719057 0.05253940455341506
0 5.005016321931988e-07 2.1568929376309153e-07 0.05893909626719057 0.05253940455341506
0 4.4680202512001884e-07 1.87982288509439e-07 0.05893909626719057 0.05253940455341506
0 4.911625359210649e-07 1.8042589621530211e-07 0.05893909626719057 0.05253940455341506
0 2.3163719210628427e-07 1.9355286644337903e-07 0.05893909626719057 0.05253940455341506
0 2.064216714747267e-07 1.8328386468858503e-07 0.05893909626719057 0.05253940455341506
0 2.110912196177734e-07 2.0537195575210903e-07 0.05893909626719057 0.05253940455341506
0 1.695322805204513e-07 1.8987143035725882e-07 0.05893909626719057 0.05253940455341506
0 2.110912196177734e-07 1.6797720969702305e-07 0.05893909626719057 0.05253940455341506
0 2.498483905302516e-07 1.6603955645854076e-07 0.05893909626719057 0.05253940455341506
0 2.4704662235936723e-07 1.4588911863349906e-07 0.05893909626719057 0.05253940455341506
0 2.680595889681785e-07 1.5732064227012657e-07 0.05893909626719057 0.05253940455341506
0 2.367737343417122e-07 1.8231503806312196e-07 0.05893909626719057 0.05253940455341506
0 2.2976941214808149e-07 1.5887072983650638e-07 0.05893909626719057 0.05253940455341506
0 4.2329848876644354e-07 1.6981784016662427e-07 0.05893909626719057 0.05253940455341506
0 4.647407284504806e-07 1.3905917117087456e-07 0.05893909626719057 0.05253940455341506
0 4.238821822860693e-07 1.3784831302040873e-07 0.05893909626719057 0.05253940455341506
0 3.818564455495668e-07 1.3905917117087456e-07 0.05893909626719057 0.05253940455341506
0 3.9528139643116196e-07 1.1823062475806515e-07 0.05893909626719057 0.05253940455341506
0 4.308865044797e-07 1.1871503806457477e-07 0.05893909626719057 0.05253940455341506
0 4.927580172529226e-07 9.619104507275978e-08 0.05893909626719057 0.05253940455341506
0 4.734961312029887e-07 8.020628149343011e-08 0.05893909626719057 0.05253940455341506
0 3.818564455495668e-07 6.991293649473363e-08 0.05893909626719057 0.05253940455341506
0 4.530668581138032e-07 7.136617642670632e-08 0.05893909626719057 0.05253940455341506
0 4.139593924943097e-07 6.313150041032777e-08 0.05893909626719057 0.05253940455341506
0 4.5481793867268056e-07 5.828771757684804e-08 0.05893909626719057 0.05253940455341506
0 4.85170001539666e-07 6.24050555788154e-08 0.05893909626719057 0.05253940455341506
0 4.332212785582031e-07 5.1990694811395625e-08 0.05893909626719057 0.05253940455341506
0 3.859423001590281e-07 5.320172808389158e-08 0.05893909626719057 0.05253940455341506
0 3.4391636695536526e-07 4.714691197791588e-08 0.05893909626719057 0.05253940455341506
0 3.830238325748588e-07 3.794340934851811e-08 0.05893909626719057 0.05253940455341506
0 3.211523198155958e-07 3.116214839858621e-08 0.05893909626719057 0.05253940455341506
0 2.9371872451882006e-07 3.8427822655027725e-08 0.05893909626719057 0.05253940455341506
0 3.876933807179055e-07 2.5349363805169453e-08 0.05893909626719057 0.05253940455341506
0 5.055992746288515e-07 1.493517817222364e-08 0.05893909626719057 0.05253940455341506
0 5.050155811092258e-07 1.6144787783375112e-10 0.05893909626719057 0.05253940455341506
0 4.822515339554968e-07 1.1060046817289178e-08 0.05893909626719057 0.05253940455341506
0 4.729124376833629e-07 4.859997677541461e-08 0.05893909626719057 0.05253940455341506
0 3.4158159289082166e-07 2.0505580971689714e-08 0.05893909626719057 0.05253940455341506
0 3.11813223543462e-07 7.184915474798546e-09 0.05893909626719057 0.05253940455341506
0 4.1746155359810484e-07 1.8567193223653637e-09 0.05893909626719057 0.05253940455341506
0 4.2680064987023864e-07 1.8325896208204657e-08 0.05893909626719057 0.05253940455341506
0 4.6415703493085483e-07 2.147440759715278e-08 0.05893909626719057 0.05253940455341506
0 2.569460329778297e-07 1.2513286749261858e-08 0.05893909626719057 0.05253940455341506
0 2.2807864593255143e-07 2.2147787628786566e-08 0.05893909626719057 0.05253940455341506
0 4.3081003496310463e-08 6.749104507177185e-08 0.05893909626719057 0.05253940455341506
0 5.24200997684443e-08 8.51712552301071e-08 0.05893909626719057 0.05253940455341506
0 1.1662638660621043e-07 1.5177384831700365e-08 0.05893909626719057 0.05253940455341506
0 1.4289259486373457e-07 2.1958820903662394e-08 0.05893909626719057 0.05253940455341506
0 1.0436882274990723e-07 3.188859323009859e-08 0.05893909626719057 0.05253940455341506
