0 3.5498657521821093e-07 8.337288045079344e-08 0.05893909626719057 0.05253940455341506
0 3.4938303887644223e-07 9.499862475965708e-08 0.05893909626719057 0.05253940455341506
0 3.451804848536959e-07 1.048804110988527e-07 0.05893909626719057 0.05253940455341506
0 3.192645712892275e-07 1.0953084893246609e-07 0.05893909626719057 0.05253940455341506
0 3.136610349474588e-07 9.761438658590709e-08 0.05893909626719057 0.05253940455341506
0 3.164628031183432e-07 8.744188220901613e-08 0.05893909626719057 0.05253940455341506
0 3.171631960512539e-07 7.610668080337388e-08 0.05893909626719057 0.05253940455341506
0 2.819871646171643e-07 7.358916767487884e-08 0.05893909626719057 0.05253940455341506
0 2.597278325945081e-07 8.221018343448598e-08 0.05893909626719057 0.05253940455341506
0 2.842429602931549e-07 9.354538482768441e-08 0.05893909626719057 0.05253940455341506
0 2.9334865773871873e-07 1.0575239008990863e-07 0.05893909626719057 0.05253940455341506
0 2.709349052780455e-07 1.083681519037148e-07 0.05893909626719057 0.05253940455341506
0 2.492213492831227e-07 9.325466678998905e-08 0.05893909626719057 0.05253940455341506
0 2.352129013490621e-07 7.81411816762633e-08 0.05893909626719057 0.05253940455341506
0 2.1560072060607245e-07 8.627918518026483e-08 0.05893909626719057 0.05253940455341506
0 2.2190464988075192e-07 9.761438658590709e-08 0.05893909626719057 0.05253940455341506
0 2.0789600547953096e-07 1.083681519037148e-07 0.05893909626719057 0.05253940455341506
0 1.826804848479734e-07 1.0255536732274188e-07 0.05893909626719057 0.05253940455341506
0 1.5536358897844225e-07 1.0429915015793595e-07 0.05893909626719057 0.05253940455341506
0 1.1123647699000659e-07 1.0052086643740862e-07 0.05893909626719057 0.05253940455341506
0 1.2874728249502268e-07 1.1621561250449495e-07 0.05893909626719057 0.05253940455341506
0 1.5956614300118858e-07 1.1708759148310705e-07 0.05893909626719057 0.05253940455341506
0 1.6096712532021095e-07 1.287133357919707e-07 0.05893909626719057 0.05253940455341506
0 1.3505101530254178e-07 1.3452612038538745e-07 0.05893909626719057 0.05253940455341506
0 1.0563294064823787e-07 1.1941263527166172e-07 0.05893909626719057 0.05253940455341506
0 8.6020956358449e-08 1.229003760765238e-07 0.05893909626719057 0.05253940455341506
0 7.761565184579595e-08 1.3336359849111013e-07 0.05893909626719057 0.05253940455341506
0 1.0633333356718908e-07 1.362700783550555e-07 0.05893909626719057 0.05253940455341506
0 1.5310975793217664e-07 1.5364538483218127e-07 0.05893909626719057 0.05253940455341506
0 1.4695848091899e-07 1.4150160199511167e-07 0.05893909626719057 0.05253940455341506
0 1.210425673684812e-07 1.5283680340075393e-07 0.05893909626719057 0.05253940455341506
0 6.150582865980221e-08 1.2929459674533127e-07 0.05893909626719057 0.05253940455341506
0 5.2400131214238374e-08 1.3888584016886165e-07 0.05893909626719057 0.05253940455341506
0 7.761565184579595e-08 1.502210415745039e-07 0.05893909626719057 0.05253940455341506
0 7.761565184579595e-08 1.580683270408101e-07 0.05893909626719057 0.05253940455341506
0 5.0999345362376385e-08 1.5341806434167067e-07 0.05893909626719057 0.05253940455341506
0 1.667812728525497e-08 1.397578191599176e-07 0.05893909626719057 0.05253940455341506
0 4.6796791325670465e-08 1.66497048582507e-07 0.05893909626719057 0.05253940455341506
0 1.7378716671366548e-08 1.6795028851447966e-07 0.05893909626719057 0.05253940455341506
