0 6.657176391458809e-09 8.980494350576272e-08 0.05893909626719057 0.05253940455341506
0 4.448035910521499e-08 9.154890147543076e-08 0.05893909626719057 0.05253940455341506
0 1.226051628002672e-08 6.510039009053671e-08 0.05893909626719057 0.05253940455341506
0 6.689430801908901e-08 7.411037257315036e-08 0.05893909626719057 0.05253940455341506
0 7.389863022667928e-08 7.846991723459443e-08 0.05893909626719057 0.05253940455341506
0 9.84135614581657e-08 6.510039009053671e-08 0.05893909626719057 0.05253940455341506
0 8.393379722399356e-08 5.0282526692670366e-08 0.05893909626719057 0.05253940455341506
0 6.898173435390801e-08 5.418322722038118e-08 0.05893909626719057 0.05253940455341506
0 5.0784288379894475e-08 6.103138833231403e-08 0.05893909626719057 0.05253940455341506
0 3.993910174248125e-08 5.3452053832734874e-08 0.05893909626719057 0.05253940455341506
0 1.516463708921652e-07 6.65536300225094e-08 0.05893909626719057 0.05253940455341506
0 1.0821965183664032e-07 3.923313964655941e-08 0.05893909626719057 0.05253940455341506
0 1.1872613513406615e-07 4.969636207358957e-08 0.05893909626719057 0.05253940455341506
0 1.4043949466182858e-07 5.405590672258981e-08 0.05893909626719057 0.05253940455341506
0 1.6075206833772905e-07 4.591807835306223e-08 0.05893909626719057 0.05253940455341506
0 1.824654278654915e-07 4.184907660728338e-08 0.05893909626719057 0.05253940455341506
0 2.1608605655650132e-07 4.475538133675478e-08 0.05893909626719057 0.05253940455341506
0 1.3133399368342512e-07 3.952385768425477e-08 0.05893909626719057 0.05253940455341506
0 1.5374774614409834e-07 3.4001616006503233e-08 0.05893909626719057 0.05253940455341506
0 1.3456464201555704e-07 2.1578848929948435e-08 0.05893909626719057 0.05253940455341506
0 1.698575693161325e-07 2.1794610756722843e-08 0.05893909626719057 0.05253940455341506
0 1.5312083061696708e-07 1.2639619505543699e-08 0.05893909626719057 0.05253940455341506
0 1.8316582079840227e-07 1.3075346311804556e-08 0.05893909626719057 0.05253940455341506
0 2.2168959289827002e-07 2.8770092366447055e-08 0.05893909626719057 0.05253940455341506
0 1.943726970147793e-07 3.1676572230392415e-08 0.05893909626719057 0.05253940455341506
0 2.5460982865636905e-07 3.109531127703184e-08 0.05893909626719057 0.05253940455341506
0 2.37774072267282e-07 4.5241721085146455e-08 0.05893909626719057 0.05253940455341506
0 2.4970688170071197e-07 8.1345406969999e-09 0.05893909626719057 0.05253940455341506
0 2.2168959289827002e-07 1.3656782387195264e-08 0.05893909626719057 0.05253940455341506
0 1.8596758896928662e-07 5.777981463589383e-10 0.05893909626719057 0.05253940455341506
