0 1.508893279085267e-08 2.242457210760236e-07 0.05893909626719057 0.05253940455341506
0 1.7808777757432864e-09 2.349996615407491e-07 0.05893909626719057 0.05253940455341506
0 6.458618229448704e-08 2.3664659674153603e-07 0.05893909626719057 0.05253940455341506
0 3.890366755658868e-08 2.298648104006261e-07 0.05893909626719057 0.05253940455341506
0 7.917852021533379e-08 2.262317105706944e-07 0.05893909626719057 0.05253940455341506
0 1.0135887384943702e-07 2.3059143036661243e-07 0.05893909626719057 0.05253940455341506
0 1.1770229231520154e-07 2.388264566270512e-07 0.05893909626719057 0.05253940455341506
0 1.3754767541760084e-07 2.2477847063872172e-07 0.05893909626719057 0.05253940455341506
0 1.995358876041084e-07 2.2889598377516303e-07 0.05893909626719057 0.05253940455341506
0 2.8472036907145833e-08 1.9441192072429063e-07 0.05893909626719057 0.05253940455341506
0 4.018775400912525e-08 1.805761939354755e-07 0.05893909626719057 0.05253940455341506
0 6.061702708435111e-08 1.9680386468729008e-07 0.05893909626719057 0.05253940455341506
0 6.878873631723338e-08 1.672548279131323e-07 0.05893909626719057 0.05253940455341506
0 7.9878913134285e-08 1.786385406969932e-07 0.05893909626719057 0.05253940455341506
0 8.921800940641883e-08 1.5950439008123325e-07 0.05893909626719057 0.05253940455341506
0 1.25407007441743e-07 1.602310100472196e-07 0.05893909626719057 0.05253940455341506
0 1.1314944358543984e-07 1.810606072419851e-07 0.05893909626719057 0.05253940455341506
0 1.4933844162076403e-07 1.7209896101555997e-07 0.05893909626719057 0.05253940455341506
0 1.820250820990923e-07 1.672548279131323e-07 0.05893909626719057 0.05253940455341506
0 2.0303804869394395e-07 1.650749680151733e-07 0.05893909626719057 0.05253940455341506
0 1.744370663858358e-07 1.825138471739578e-07 0.05893909626719057 0.05253940455341506
0 2.0770759683699067e-07 1.9341297151683509e-07 0.05893909626719057 0.05253940455341506
0 1.7151859880166646e-07 1.9849931127873946e-07 0.05893909626719057 0.05253940455341506
0 1.0614512139180915e-07 1.9995255119826831e-07 0.05893909626719057 0.05253940455341506
0 1.1548421764998341e-07 2.1157829550713197e-07 0.05893909626719057 0.05253940455341506
0 1.5400798976381074e-07 2.1303153543910464e-07 0.05893909626719057 0.05253940455341506
0 2.0420543573319552e-07 2.0915640409661401e-07 0.05893909626719057 0.05253940455341506
0 2.421455143134375e-07 1.9777269131275312e-07 0.05893909626719057 0.05253940455341506
0 2.5673785223428423e-07 1.9026428500585685e-07 0.05893909626719057 0.05253940455341506
0 2.9409423730886e-07 1.7984957396948916e-07 0.05893909626719057 0.05253940455341506
0 2.859225280620182e-07 1.9462400478933105e-07 0.05893909626719057 0.05253940455341506
0 2.707464966355052e-07 2.0431227099418635e-07 0.05893909626719057 0.05253940455341506
0 2.9584531785377776e-07 2.0624992423266865e-07 0.05893909626719057 0.05253940455341506
0 3.186093650075068e-07 2.0019475785774505e-07 0.05893909626719057 0.05253940455341506
0 3.396221351351981e-07 1.9195973158486242e-07 0.05893909626719057 0.05253940455341506
0 3.530470860307528e-07 1.9874151792577235e-07 0.05893909626719057 0.05253940455341506
0 3.8106437483319474e-07 2.0503889096017269e-07 0.05893909626719057 0.05253940455341506
0 3.396221351351981e-07 2.1182050216660868e-07 0.05893909626719057 0.05253940455341506
0 3.069354946708294e-07 2.1642242860955963e-07 0.05893909626719057 0.05253940455341506
0 2.7366496421967454e-07 2.202977350865242e-07 0.05893909626719057 0.05253940455341506
0 2.415618207938117e-07 2.1957111512053787e-07 0.05893909626719057 0.05253940455341506
0 2.72497577180423e-07 2.3119703456387546e-07 0.05893909626719057 0.05253940455341506
0 3.022659465417423e-07 2.3725202580432512e-07 0.05893909626719057 0.05253940455341506
0 3.2094413907205036e-07 2.2877496801888357e-07 0.05893909626719057 0.05253940455341506
0 3.4020582865482387e-07 2.278061413934205e-07 0.05893909626719057 0.05253940455341506
0 3.6588834339272225e-07 2.21508768371464e-07 0.05893909626719057 0.05253940455341506
0 4.918492471232656e-07 1.8130281390146183e-07 0.05893909626719057 0.05253940455341506
0 4.574115261000195e-07 1.672548279131323e-07 0.05893909626719057 0.05253940455341506
0 4.375659465304598e-07 1.7960736731001243e-07 0.05893909626719057 0.05253940455341506
0 5.099437461479074e-07 1.9026428500585685e-07 0.05893909626719057 0.05253940455341506
0 4.0721388366347435e-07 1.791229540035028e-07 0.05893909626719057 0.05253940455341506
0 4.3056162433682914e-07 1.9244414490381586e-07 0.05893909626719057 0.05253940455341506
0 4.1363451235143883e-07 2.0697654419865498e-07 0.05893909626719057 0.05253940455341506
0 4.1772036697485976e-07 2.1908670181402826e-07 0.05893909626719057 0.05253940455341506
0 4.0487910959893076e-07 2.278061413934205e-07 0.05893909626719057 0.05253940455341506
0 4.39900720608963e-07 2.3119703456387546e-07 0.05893909626719057 0.05253940455341506
0 4.941840211878091e-07 2.333768944618345e-07 0.05893909626719057 0.05253940455341506
