0 2.4300909198471825e-08 2.2049396625871912e-07 0.05893909626719057 0.05253940455341506
0 2.079874810863627e-08 2.0184475435289068e-07 0.05893909626719057 0.05253940455341506
0 4.998342393637019e-08 2.0789974559334034e-07 0.05893909626719057 0.05253940455341506
0 6.866142001347748e-08 2.00391514420918e-07 0.05893909626719057 0.05253940455341506
0 7.099619407802105e-08 2.120170835953077e-07 0.05893909626719057 0.05253940455341506
0 7.683312924635975e-08 2.243692727356837e-07 0.05893909626719057 0.05253940455341506
0 8.967438660832915e-08 2.3769011336704886e-07 0.05893909626719057 0.05253940455341506
0 1.3695356146070494e-07 2.389011466519886e-07 0.05893909626719057 0.05253940455341506
0 1.211938365145662e-07 2.3260394875206224e-07 0.05893909626719057 0.05253940455341506
0 1.0485041804880168e-07 2.243692727356837e-07 0.05893909626719057 0.05253940455341506
0 1.7606102708019848e-07 2.2582233754562625e-07 0.05893909626719057 0.05253940455341506
0 1.5037851234230013e-07 2.2025175961168622e-07 0.05893909626719057 0.05253940455341506
0 1.3520248091578718e-07 2.137125301867571e-07 0.05893909626719057 0.05253940455341506
0 1.0835257913863723e-07 2.069309189803211e-07 0.05893909626719057 0.05253940455341506
0 1.2936554574744846e-07 2.0160254769341395e-07 0.05893909626719057 0.05253940455341506
0 1.5913391509480817e-07 2.0329799428486335e-07 0.05893909626719057 0.05253940455341506
0 1.9415552610484037e-07 2.0838415889984994e-07 0.05893909626719057 0.05253940455341506
0 1.741898385410035e-08 1.761696230047935e-07 0.05893909626719057 0.05253940455341506
0 4.39128934882607e-08 1.8496349340412866e-07 0.05893909626719057 0.05253940455341506
0 4.7415054592055836e-08 1.7653494699690571e-07 0.05893909626719057 0.05253940455341506
0 7.683312924635975e-08 1.75081882199407e-07 0.05893909626719057 0.05253940455341506
0 1.0905297207154802e-07 1.7973196976407248e-07 0.05893909626719057 0.05253940455341506
0 1.0415002511589089e-07 1.6839711862737814e-07 0.05893909626719057 0.05253940455341506
0 1.321673139183328e-07 1.6810657572415674e-07 0.05893909626719057 0.05253940455341506
0 1.1815866951711186e-07 1.922295179295181e-07 0.05893909626719057 0.05253940455341506
0 1.5247988759423328e-07 1.9281077887043483e-07 0.05893909626719057 0.05253940455341506
0 1.818979622485372e-07 1.8438223246321192e-07 0.05893909626719057 0.05253940455341506
0 1.6648833552829387e-07 1.7479116416171165e-07 0.05893909626719057 0.05253940455341506
0 1.93805231397825e-07 1.925200608327395e-07 0.05893909626719057 0.05253940455341506
0 2.3723195046730947e-07 2.009486072399624e-07 0.05893909626719057 0.05253940455341506
0 2.3232900351165234e-07 1.7856944786979515e-07 0.05893909626719057 0.05253940455341506
0 2.6875140035958694e-07 1.87869973268074e-07 0.05893909626719057 0.05253940455341506
0 2.764561154861284e-07 1.9775158447279567e-07 0.05893909626719057 0.05253940455341506
0 2.652492392557918e-07 2.050176089981851e-07 0.05893909626719057 0.05253940455341506
0 2.4353587972802937e-07 2.154804811438235e-07 0.05893909626719057 0.05253940455341506
0 2.1972114496229336e-07 2.1431795926199e-07 0.05893909626719057 0.05253940455341506
0 2.442362726609402e-07 2.271060503182132e-07 0.05893909626719057 0.05253940455341506
0 3.149798875859962e-07 2.3727837957307402e-07 0.05893909626719057 0.05253940455341506
0 3.310899072391503e-07 2.2216524471585236e-07 0.05893909626719057 0.05253940455341506
0 3.1217811941511183e-07 2.038549119694338e-07 0.05893909626719057 0.05253940455341506
0 3.1007694064429863e-07 1.9310132177365623e-07 0.05893909626719057 0.05253940455341506
0 3.47199730425144e-07 1.7653494699690571e-07 0.05893909626719057 0.05253940455341506
0 3.6471053591620057e-07 2.0850517466857324e-07 0.05893909626719057 0.05253940455341506
0 3.570891213859424e-07 1.8823074383852626e-07 0.05893909626719057 0.05253940455341506
0 3.8852527069589616e-07 1.8467295050090726e-07 0.05893909626719057 0.05253940455341506
0 3.586867638146854e-07 2.3291883491162993e-07 0.05893909626719057 0.05253940455341506
0 3.958097500626911e-07 2.364064005820181e-07 0.05893909626719057 0.05253940455341506
0 4.0771701922593856e-07 2.2158398377493562e-07 0.05893909626719057 0.05253940455341506
0 4.1962428837522637e-07 2.0618013088001859e-07 0.05893909626719057 0.05253940455341506
0 3.946983551730161e-07 1.967610415707642e-07 0.05893909626719057 0.05253940455341506
0 4.938700644040775e-07 1.8699799427701807e-07 0.05893909626719057 0.05253940455341506
0 5.015407913260958e-07 2.0066401879686116e-07 0.05893909626719057 0.05253940455341506
0 4.693549367054307e-07 2.0182058623101833e-07 0.05893909626719057 0.05253940455341506
0 4.76359258913021e-07 2.1402724121185082e-07 0.05893909626719057 0.05253940455341506
0 4.7425808012824824e-07 2.2652478937729643e-07 0.05893909626719057 0.05253940455341506
0 4.4273863022201116e-07 2.233277666101297e-07 0.05893909626719057 0.05253940455341506
0 4.497429524296014e-07 2.335000958525467e-07 0.05893909626719057 0.05253940455341506
0 4.910682962331932e-07 2.3059361600104518e-07 0.05893909626719057 0.05253940455341506
