0 1.2734983651508915e-07 6.129812162042696e-09 0.05893909626719057 0.05253940455341506
0 1.2031879526227327e-07 1.891737782728783e-08 0.05893909626719057 0.05253940455341506
0 8.669797011806263e-08 2.931913734949976e-09 0.05893909626719057 0.05253940455341506
0 9.51030781635553e-08 1.3976397090453043e-08 0.05893909626719057 0.05253940455341506
0 8.179502316240551e-08 2.2986379585510512e-08 0.05893909626719057 0.05253940455341506
0 5.798028838270992e-08 2.0661160662481902e-08 0.05893909626719057 0.05253940455341506
0 5.7279895449799135e-08 8.163612509480115e-09 0.05893909626719057 0.05253940455341506
0 5.0275573256168445e-08 6.068699463953245e-10 0.05893909626719057 0.05253940455341506
0 3.206437483220114e-08 1.1651178179868262e-08 0.05893909626719057 0.05253940455341506
0 3.136398189929035e-08 1.891737782728783e-08 0.05893909626719057 0.05253940455341506
0 2.5060052624610864e-08 3.403068780653962e-08 0.05893909626719057 0.05253940455341506
0 4.67734121523733e-08 3.868095050567905e-08 0.05893909626719057 0.05253940455341506
0 4.747478948710414e-09 3.083366503937287e-08 0.05893909626719057 0.05253940455341506
0 1.9457107778260623e-09 1.9789181683869802e-08 0.05893909626719057 0.05253940455341506
0 5.447871881621199e-09 9.326134403757442e-09 0.05893909626719057 0.05253940455341506
