0 3.76148031159618e-08 2.6751486396775735e-08 0.05893909626719057 0.05253940455341506
0 4.555291706907327e-08 1.9388439114949037e-08 0.05893909626719057 0.05253940455341506
0 2.5940932779284395e-08 1.2412957505224825e-08 0.05893909626719057 0.05253940455341506
0 2.5940932779284395e-08 7.8703806188722e-10 0.05893909626719057 0.05253940455341506
0 5.302423336904475e-08 8.15008535615775e-09 0.05893909626719057 0.05253940455341506
0 7.543798582971797e-08 2.190735330679191e-08 0.05893909626719057 0.05253940455341506
0 9.411617836002606e-08 1.6288088847715456e-08 0.05893909626719057 0.05253940455341506
0 1.277370035042367e-07 1.6481959251003677e-08 0.05893909626719057 0.05253940455341506
0 1.5248553002945348e-07 1.1637826161019855e-08 0.05893909626719057 0.05253940455341506
0 1.758332707028083e-07 7.568824402797171e-09 0.05893909626719057 0.05253940455341506
0 1.1152678740007744e-07 2.8140453121637704e-08 0.05893909626719057 0.05253940455341506
0 8.711185616639537e-08 2.7246913003695157e-09 0.05893909626719057 0.05253940455341506
