0 6.583576186026284e-08 1.442211886743382e-07 0.05893909626719057 0.05253940455341506
0 2.847937678568707e-08 1.3913484892487764e-07 0.05893909626719057 0.05253940455341506
0 3.3807520345748672e-09 1.3986146889086398e-07 0.05893909626719057 0.05253940455341506
0 8.633993683287781e-09 1.2508686293654815e-07 0.05893909626719057 0.05253940455341506
0 7.225639053426775e-08 1.3211085592449097e-07 0.05893909626719057 0.05253940455341506
0 3.490000547365156e-08 1.2823554944752638e-07 0.05893909626719057 0.05253940455341506
0 8.451395439057093e-08 1.2411803631108508e-07 0.05893909626719057 0.05253940455341506
0 6.408468130138548e-08 1.149141834251832e-07 0.05893909626719057 0.05253940455341506
0 8.801611549436606e-08 1.0619474384579096e-07 0.05893909626719057 0.05253940455341506
0 1.2420511352969026e-07 1.1370315015268725e-07 0.05893909626719057 0.05253940455341506
0 4.0736940641990256e-08 9.578003280942328e-08 0.05893909626719057 0.05253940455341506
0 8.101179328677579e-08 9.190472633245868e-08 0.05893909626719057 0.05253940455341506
0 5.2410810964708076e-08 8.778721319601737e-08 0.05893909626719057 0.05253940455341506
0 8.050300163661994e-09 8.754500653654065e-08 0.05893909626719057 0.05253940455341506
0 1.1552461267457131e-08 5.678493648988693e-08 0.05893909626719057 0.05253940455341506
0 9.217687202913568e-09 4.443239708056299e-08 0.05893909626719057 0.05253940455341506
0 3.3732618434399986e-08 5.2909630012922344e-08 0.05893909626719057 0.05253940455341506
0 4.3071714706533824e-08 6.259789620533382e-08 0.05893909626719057 0.05253940455341506
0 5.999882669192414e-08 6.792626749224097e-08 0.05893909626719057 0.05253940455341506
0 3.606739249894355e-08 7.422364051419747e-08 0.05893909626719057 0.05253940455341506
0 9.79389052721661e-08 6.88950941052602e-08 0.05893909626719057 0.05253940455341506
0 9.560413120762254e-08 7.979439358261146e-08 0.05893909626719057 0.05253940455341506
0 1.2362142001006448e-07 7.325481390117823e-08 0.05893909626719057 0.05253940455341506
0 1.2420511352969026e-07 8.318528675306644e-08 0.05893909626719057 0.05253940455341506
0 1.0786169504996615e-07 9.190472633245868e-08 0.05893909626719057 0.05253940455341506
0 1.3412790330749028e-07 9.79598927073823e-08 0.05893909626719057 0.05253940455341506
0 1.633125791491838e-07 9.844430601389191e-08 0.05893909626719057 0.05253940455341506
0 2.1059155753439922e-07 1.0619474384579096e-07 0.05893909626719057 0.05253940455341506
0 2.1759587972802992e-07 9.529561950291365e-08 0.05893909626719057 0.05253940455341506
0 2.3393929819379445e-07 8.463852668503912e-08 0.05893909626719057 0.05253940455341506
0 2.298534435843331e-07 7.325481390117823e-08 0.05893909626719057 0.05253940455341506
0 2.0183615478189117e-07 7.68879137186661e-08 0.05893909626719057 0.05253940455341506
0 1.89578590925588e-07 8.657617992352141e-08 0.05893909626719057 0.05253940455341506
0 1.6389627265485e-07 8.342749340009933e-08 0.05893909626719057 0.05253940455341506
0 1.744027559662354e-07 7.228598727571518e-08 0.05893909626719057 0.05253940455341506
0 1.5338978935742416e-07 6.332451617132017e-08 0.05893909626719057 0.05253940455341506
0 1.212866459455209e-07 6.162906959231459e-08 0.05893909626719057 0.05253940455341506
0 8.568134141586291e-08 5.4362869932451194e-08 0.05893909626719057 0.05253940455341506
0 7.634224515768867e-08 4.564343035305895e-08 0.05893909626719057 0.05253940455341506
0 1.3004204869802896e-07 4.394798377405338e-08 0.05893909626719057 0.05253940455341506
0 2.6942790331016744e-07 8.228913964013817e-08 0.05893909626719057 0.05253940455341506
0 2.542518718696949e-07 7.13898401627869e-08 0.05893909626719057 0.05253940455341506
0 2.3207151823559167e-07 5.661540934294501e-08 0.05893909626719057 0.05253940455341506
0 2.0347053592748354e-07 5.927968254741364e-08 0.05893909626719057 0.05253940455341506
0 2.4082692098809974e-07 3.917653018416052e-08 0.05893909626719057 0.05253940455341506
0 2.1981395439324807e-07 3.191033053674095e-08 0.05893909626719057 0.05253940455341506
0 2.1689548680907872e-07 4.789596976355276e-08 0.05893909626719057 0.05253940455341506
0 1.941314396553497e-07 1.4956039818940035e-08 0.05893909626719057 0.05253940455341506
0 1.596935221649433e-07 2.076899953438692e-08 0.05893909626719057 0.05253940455341506
0 1.637793767883642e-07 3.215253718377384e-08 0.05893909626719057 0.05253940455341506
0 1.6261198974911264e-07 5.509980273561449e-09 0.05893909626719057 0.05253940455341506
0 1.340112038942053e-07 2.5613132636814575e-08 0.05893909626719057 0.05253940455341506
0 1.0541022158609717e-07 3.0214883945291544e-08 0.05893909626719057 0.05253940455341506
0 1.0365914102721981e-07 1.544045312544965e-08 0.05893909626719057 0.05253940455341506
0 1.0949607619555851e-07 3.3301203756024292e-09 0.05893909626719057 0.05253940455341506
0 8.264617443236815e-08 1.2776179920981015e-08 0.05893909626719057 0.05253940455341506
0 7.564185222477788e-08 2.3433272738855557e-08 0.05893909626719057 0.05253940455341506
0 4.645717639704396e-08 5.267773614084725e-09 0.05893909626719057 0.05253940455341506
0 2.135835517877138e-08 6.236600239547788e-09 0.05893909626719057 0.05253940455341506
