0 5.091339190244071e-07 2.1371744787667456e-07 0.05893909626719057 0.05253940455341506
0 4.806496361156244e-07 2.1410501354877705e-07 0.05893909626719057 0.05253940455341506
0 4.53566335525864e-07 2.1081114314720317e-07 0.05893909626719057 0.05253940455341506
0 4.885879465219366e-07 1.9821692248182438e-07 0.05893909626719057 0.05253940455341506
0 4.815836243283059e-07 1.8620396275736235e-07 0.05893909626719057 0.05253940455341506
0 4.5823588365495113e-07 1.937603550514992e-07 0.05893909626719057 0.05253940455341506
0 4.3302036302339356e-07 1.9918557397281348e-07 0.05893909626719057 0.05253940455341506
0 4.423594592955274e-07 1.821349610115835e-07 0.05893909626719057 0.05253940455341506
0 4.2694983257528405e-07 2.0596718517924947e-07 0.05893909626719057 0.05253940455341506
0 4.960590663687074e-07 1.5423391022016877e-07 0.05893909626719057 0.05253940455341506
0 4.479627991840953e-07 1.617904776487796e-07 0.05893909626719057 0.05253940455341506
0 4.2321427265887853e-07 1.5907786818812246e-07 0.05893909626719057 0.05253940455341506
0 3.886596557551871e-07 1.7980991722302884e-07 0.05893909626719057 0.05253940455341506
0 3.573738011426804e-07 1.8116613438612042e-07 0.05893909626719057 0.05253940455341506
0 3.5784059878186083e-07 1.6740939183890813e-07 0.05893909626719057 0.05253940455341506
0 3.6764668916033544e-07 1.5171499604076973e-07 0.05893909626719057 0.05253940455341506
0 3.9239521568555226e-07 1.4842112563919584e-07 0.05893909626719057 0.05253940455341506
0 4.3208637482467157e-07 1.412521238826875e-07 0.05893909626719057 0.05253940455341506
0 4.54967121377726e-07 1.47646169417021e-07 0.05893909626719057 0.05253940455341506
0 4.643062176498598e-07 1.350519487516422e-07 0.05893909626719057 0.05253940455341506
0 4.1714393866396984e-07 1.282703375452062e-07 0.05893909626719057 0.05253940455341506
0 3.7978755360335364e-07 1.350519487516422e-07 0.05893909626719057 0.05253940455341506
0 3.46166728459143e-07 1.4183338482360424e-07 0.05893909626719057 0.05253940455341506
0 3.354268463351472e-07 1.5481517117352935e-07 0.05893909626719057 0.05253940455341506
0 4.6710798582074417e-07 1.2224774559757902e-07 0.05893909626719057 0.05253940455341506
0 4.3395415478287436e-07 1.1798504857054208e-07 0.05893909626719057 0.05253940455341506
0 4.08271640044976e-07 1.191475704648194e-07 0.05893909626719057 0.05253940455341506
0 4.1710543179851543e-07 1.0521814839990925e-07 0.05893909626719057 0.05253940455341506
0 3.891266498615279e-07 9.744669481689381e-08 0.05893909626719057 0.05253940455341506
0 3.5970857520722397e-07 8.930904156939635e-08 0.05893909626719057 0.05253940455341506
0 3.6391112924392987e-07 1.0267821845694999e-07 0.05893909626719057 0.05253940455341506
0 3.148808738326767e-07 1.0519713263634903e-07 0.05893909626719057 0.05253940455341506
0 3.3122429229844124e-07 1.1449748290015393e-07 0.05893909626719057 0.05253940455341506
0 3.7418401724762536e-07 1.2166648465666227e-07 0.05893909626719057 0.05253940455341506
0 3.3636083454782876e-07 1.338731396499386e-07 0.05893909626719057 0.05253940455341506
0 3.088105398517276e-07 1.228290065509396e-07 0.05893909626719057 0.05253940455341506
0 2.934009131314843e-07 1.1585370006324552e-07 0.05893909626719057 0.05253940455341506
0 2.6538362432904236e-07 1.288354864007268e-07 0.05893909626719057 0.05253940455341506
0 3.013392235377966e-07 1.3464827099414357e-07 0.05893909626719057 0.05253940455341506
0 2.564288109684472e-07 1.4281797326551554e-07 0.05893909626719057 0.05253940455341506
0 2.8379403689393645e-07 1.5135159849053959e-07 0.05893909626719057 0.05253940455341506
