0 3.237844180449913e-07 2.3683312563310968e-07 0.05893909626719057 0.05253940455341506
0 3.104763630298819e-07 2.2869494700707804e-07 0.05893909626719057 0.05253940455341506
0 3.5180170684743323e-07 2.2956692598569012e-07 0.05893909626719057 0.05253940455341506
0 3.896250860143902e-07 2.3421718868482956e-07 0.05893909626719057 0.05253940455341506
0 4.190431606826537e-07 2.2927620794799478e-07 0.05893909626719057 0.05253940455341506
0 4.35853573254759e-07 2.118376790581582e-07 0.05893909626719057 0.05253940455341506
0 4.0573864200663314e-07 2.1823908010351587e-07 0.05893909626719057 0.05253940455341506
0 3.742156557613072e-07 2.2026622546538115e-07 0.05893909626719057 0.05253940455341506
0 4.141402137269966e-07 2.0486219743599017e-07 0.05893909626719057 0.05253940455341506
0 3.819203708878487e-07 2.1009372108849016e-07 0.05893909626719057 0.05253940455341506
