0 5.090379819071739e-07 1.624280468242843e-07 0.05893909626719057 0.05253940455341506
0 4.901263905502958e-07 1.5690580514653278e-07 0.05893909626719057 0.05253940455341506
0 4.92227569321109e-07 1.7056605032828585e-07 0.05893909626719057 0.05253940455341506
0 4.5090222551751724e-07 1.7172857222256317e-07 0.05893909626719057 0.05253940455341506
0 4.6841303102253333e-07 1.7812279289137065e-07 0.05893909626719057 0.05253940455341506
0 4.6421028053262666e-07 1.938177140804871e-07 0.05893909626719057 0.05253940455341506
0 4.389947599010691e-07 1.90329973275625e-07 0.05893909626719057 0.05253940455341506
0 4.2778788367073245e-07 1.7521631302742528e-07 0.05893909626719057 0.05253940455341506
0 4.18682382692329e-07 1.8567953544201158e-07 0.05893909626719057 0.05253940455341506
0 3.906650938898871e-07 1.853889925387902e-07 0.05893909626719057 0.05253940455341506
0 3.8496293279251745e-07 2.020902184588302e-07 0.05893909626719057 0.05253940455341506
0 4.1588061452144465e-07 1.9846797677962653e-07 0.05893909626719057 0.05253940455341506
