0 5.090406027210215e-07 1.014478927172389e-07 0.05893909626719057 0.05253940455341506
0 5.139437461438389e-07 1.1278291898840718e-07 0.05893909626719057 0.05253940455341506
0 5.153445319957009e-07 1.2964001180285306e-07 0.05893909626719057 0.05253940455341506
0 4.922301901489161e-07 1.345808174052139e-07 0.05893909626719057 0.05253940455341506
0 4.88728029045121e-07 1.2092074735793477e-07 0.05893909626719057 0.05253940455341506
0 4.803229209996283e-07 1.0667941635729508e-07 0.05893909626719057 0.05253940455341506
0 4.782217422148555e-07 9.621654419921285e-08 0.05893909626719057 0.05253940455341506
0 4.4039836303393896e-07 1.2353650917174095e-07 0.05893909626719057 0.05253940455341506
0 4.1027989546068384e-07 1.1772372459076802e-07 0.05893909626719057 0.05253940455341506
0 3.831765555695548e-07 1.0937065978544408e-07 0.05893909626719057 0.05253940455341506
0 4.270901115656288e-07 1.0348239359012833e-07 0.05893909626719057 0.05253940455341506
0 4.256893257137668e-07 9.389132528862807e-08 0.05893909626719057 0.05253940455341506
