0 1.6910628443681264e-07 7.299039358521808e-08 0.05893909626719057 0.05253940455341506
0 1.8404872059751438e-07 6.36896930649091e-08 0.05893909626719057 0.05253940455341506
0 1.5113437874254993e-07 3.608268780397581e-08 0.05893909626719057 0.05253940455341506
0 1.8591650055571716e-07 4.276342335776658e-08 0.05893909626719057 0.05253940455341506
0 2.2794243375938005e-07 4.935133929538831e-08 0.05893909626719057 0.05253940455341506
0 2.7090215870856415e-07 4.470107659624888e-08 0.05893909626719057 0.05253940455341506
0 2.9798565576548485e-07 5.555168956090755e-08 0.05893909626719057 0.05253940455341506
0 3.0464479131451246e-07 4.484538482691854e-08 0.05893909626719057 0.05253940455341506
0 2.737039268794485e-07 3.268776661528275e-08 0.05893909626719057 0.05253940455341506
0 2.4662062628968814e-07 3.69504636423197e-08 0.05893909626719057 0.05253940455341506
0 2.3354597010114875e-07 2.1062022306419103e-08 0.05893909626719057 0.05253940455341506
0 2.0833044946959118e-07 1.1373931236037752e-08 0.05893909626719057 0.05253940455341506
0 1.9152003689748586e-07 6.336102864795835e-09 0.05893909626719057 0.05253940455341506
0 1.7564361253806212e-07 1.8736803395834323e-08 0.05893909626719057 0.05253940455341506
0 2.5007602904688896e-07 5.754841923879088e-09 0.05893909626719057 0.05253940455341506
0 2.82762865978418e-07 1.951193474003929e-08 0.05893909626719057 0.05253940455341506
0 2.963045162732982e-07 2.454976311128121e-08 0.05893909626719057 0.05253940455341506
0 2.958375221669574e-07 3.9275682552904474e-08 0.05893909626719057 0.05253940455341506
0 3.2899135320482725e-07 3.3269027568643324e-08 0.05893909626719057 0.05253940455341506
0 3.3085913316303004e-07 2.0480761365502353e-08 0.05893909626719057 0.05253940455341506
0 3.0330883846692887e-07 1.0986365563935268e-08 0.05893909626719057 0.05253940455341506
0 2.860316282556432e-07 1.4919697748120117e-09 0.05893909626719057 0.05253940455341506
0 3.486033374946161e-07 4.204754357499277e-09 0.05893909626719057 0.05253940455341506
0 3.798893885742832e-07 6.336102864795835e-09 0.05893909626719057 0.05253940455341506
0 3.714842805148309e-07 1.8930673799122544e-08 0.05893909626719057 0.05253940455341506
0 4.0650569505770275e-07 1.544293299426044e-08 0.05893909626719057 0.05253940455341506
0 3.971665987855689e-07 3.13313743177172e-08 0.05893909626719057 0.05253940455341506
0 4.265848699070332e-07 3.249407134646848e-08 0.05893909626719057 0.05253940455341506
0 4.228491135234673e-07 2.532471933345605e-08 0.05893909626719057 0.05253940455341506
0 4.4993241411322763e-07 1.3557747724646358e-10 0.05893909626719057 0.05253940455341506
0 4.937017657821495e-07 4.682687812910699e-09 0.05893909626719057 0.05253940455341506
0 4.6101492885062046e-07 2.6965349805174927e-08 0.05893909626719057 0.05253940455341506
