0 1.3641184252031611e-08 3.402575724970115e-09 0.05893909626719057 0.05253940455341506
0 1.7940994653497924e-07 1.0775319364154635e-09 0.05893909626719057 0.05253940455341506
0 1.1870601725420905e-07 1.017339242340606e-07 0.05893909626719057 0.05253940455341506
0 1.1917301136054984e-07 8.894600829986755e-08 0.05893909626719057 0.05253940455341506
0 1.462563119503102e-07 8.313322370645079e-08 0.05893909626719057 0.05253940455341506
0 1.6026495635153115e-07 9.90213147858473e-08 0.05893909626719057 0.05253940455341506
0 1.822117147058636e-07 8.855844262776507e-08 0.05893909626719057 0.05253940455341506
0 1.8893902315901723e-07 6.860362651341968e-08 0.05893909626719057 0.05253940455341506
0 1.1310248091244035e-07 7.363917817383162e-08 0.05893909626719057 0.05253940455341506
0 1.7287261843372976e-07 5.7363696569250424e-08 0.05893909626719057 0.05253940455341506
0 1.5045886598701612e-07 4.767578063334303e-08 0.05893909626719057 0.05253940455341506
0 2.0182389544885325e-07 3.7406778878549026e-08 0.05893909626719057 0.05253940455341506
0 1.7644727462146212e-07 3.6421139642237785e-08 0.05893909626719057 0.05253940455341506
0 8.321741215179565e-08 3.934425698255736e-08 0.05893909626719057 0.05253940455341506
0 1.285121076326837e-07 2.1324992542782086e-08 0.05893909626719057 0.05253940455341506
0 1.1356947501878113e-07 3.721308360973476e-08 0.05893909626719057 0.05253940455341506
0 5.006377756712659e-08 7.3745547143117096e-09 0.05893909626719057 0.05253940455341506
0 1.0983391510237559e-07 1.0862120384699856e-08 0.05893909626719057 0.05253940455341506
0 8.695316853536157e-08 2.5781384826189466e-08 0.05893909626719057 0.05253940455341506
