0 1.2456994652738174e-07 8.056705332070927e-09 0.05893909626719057 0.05253940455341506
0 3.164597796822248e-08 2.7044621262835303e-08 0.05893909626719057 0.05253940455341506
0 9.468487776673702e-08 3.0919752617769764e-08 0.05893909626719057 0.05253940455341506
0 6.433281489975153e-08 4.2738841926499754e-08 0.05893909626719057 0.05253940455341506
0 9.655265772493981e-08 4.661397328143422e-08 0.05893909626719057 0.05253940455341506
0 1.325080604804932e-07 4.022010286913084e-08 0.05893909626719057 0.05253940455341506
0 1.3997937678046468e-07 5.2232887459118925e-08 0.05893909626719057 0.05253940455341506
0 1.4371513316403062e-07 6.347071583937599e-08 0.05893909626719057 0.05253940455341506
0 1.1336307029704512e-07 6.753954245068089e-08 0.05893909626719057 0.05253940455341506
0 1.3017328641594965e-07 8.439628500862266e-08 0.05893909626719057 0.05253940455341506
0 1.3110727462863122e-07 1.0609698553451814e-07 0.05893909626719057 0.05253940455341506
0 1.0729253984893562e-07 9.77654618961763e-08 0.05893909626719057 0.05253940455341506
0 9.795344357680179e-08 7.916493650304044e-08 0.05893909626719057 0.05253940455341506
0 8.020923925917528e-08 8.381502406770592e-08 0.05893909626719057 0.05253940455341506
0 5.8729278557982834e-08 5.785180164924746e-08 0.05893909626719057 0.05253940455341506
0 2.0439101737885868e-08 5.8239367321349944e-08 0.05893909626719057 0.05253940455341506
0 3.7249514309991185e-08 6.521449867457006e-08 0.05893909626719057 0.05253940455341506
0 4.191906243907831e-08 7.683989271448579e-08 0.05893909626719057 0.05253940455341506
0 9.699219613890044e-09 8.885267730447388e-08 0.05893909626719057 0.05253940455341506
0 5.3125938669414925e-08 8.672132879717731e-08 0.05893909626719057 0.05253940455341506
0 5.079116460487136e-08 9.970294000018464e-08 0.05893909626719057 0.05253940455341506
0 1.90200398390307e-07 6.242448115768805e-08 0.05893909626719057 0.05253940455341506
0 1.715222058599989e-07 7.017456872063918e-08 0.05893909626719057 0.05253940455341506
0 1.562060958469038e-07 8.195495400747864e-08 0.05893909626719057 0.05253940455341506
0 2.585041312045624e-07 2.175512914473648e-08 0.05893909626719057 0.05253940455341506
