0 1.985507423525511e-08 6.977739184431268e-08 0.05893909626719057 0.05253940455341506
0 2.6808119421360354e-08 8.358177012226146e-08 0.05893909626719057 0.05253940455341506
0 2.7999475021430626e-08 8.938387169942415e-08 0.05893909626719057 0.05253940455341506
0 6.678395439457512e-08 9.448247065051675e-08 0.05893909626719057 0.05253940455341506
0 7.308788366925461e-08 8.547248815545927e-08 0.05893909626719057 0.05253940455341506
0 1.0460733357549168e-07 8.518177011776392e-08 0.05893909626719057 0.05253940455341506
0 1.277214789551161e-07 9.302923071854406e-08 0.05893909626719057 0.05253940455341506
0 1.2688297207930774e-07 7.454481740352363e-08 0.05893909626719057 0.05253940455341506
0 1.0810949466532724e-07 7.559035155975957e-08 0.05893909626719057 0.05253940455341506
0 7.659004477304975e-08 7.47185477031776e-08 0.05893909626719057 0.05253940455341506
0 4.997373828963019e-08 6.599910812378536e-08 0.05893909626719057 0.05253940455341506
0 7.328591903513831e-08 5.58432412232686e-08 0.05893909626719057 0.05253940455341506
